SDE,SDE_raw,FAP,period,period_uncertainty,T0,duration,depth,depth_mean,depth_mean_std,depth_mean_even,depth_mean_odd,odd_even_mismatch,rp_rs,snr,transit_count,distinct_transit_count,empty_transit_count,chi2red_min,depth_consistency_std,secondary_eclipse_depth,transit_shape_ratio,depth_duration_ratio,elapsed_s,label,is_synthetic,synthetic_kind,source_file,st_rad,st_teff,injected_period,injected_depth_ppm,injected_duration,status
9.608767277119268,8.735749160928298,8.0032e-05,2.7969987339313747,0.0219125481285265,2203.338640795751,0.02944603574683023,0.9994586051104347,0.999468614153127,6.7060821379918e-05,0.9994679582570097,0.9994692700492442,0.00691604559400069,0.02092494007006765,8.409157909538346,9.0,8.0,1.0,6.7170230903454e-07,0.00011188984952945096,5.6707385760801365e-05,-2.2825183651209473,33.9420427830603,81.98761437495705,1,True,transit,TIC_438295981.csv,1.9,6565.2,2.795497840010607,680.0526616688173,0.0238741419373354,Success
,,,,,,,,,,,,,,,,,,,,,,,92.66686245903838,1,True,transit,TIC_289125016.csv,,,,,,Required feature(s) not computable: ['transit_shape_ratio']
,,,,,,,,,,,,,,,,,,,,,,,105.20203095895704,1,True,transit,TIC_219401954.csv,,,,,,"Required feature(s) not computable: ['depth_mean_odd', 'odd_even_mismatch']"
5.808071485047412,5.62661915358438,0.07755102,7.185327117231219,0.0693261249872652,2256.0674334053388,0.027121375019213256,0.9994026712817811,0.999256902227633,0.00016395232975307533,0.999323078847525,0.9992238139176873,0.1908294600618758,0.021979299371444147,5.090103700724,4.0,3.0,1.0,1.2124461299555834e-06,6.066351338299407e-05,1.1818674311658839e-05,0.9780903738789678,36.84926264150644,76.09334749996196,1,True,transit,TIC_400595342.csv,1.60776,9810.0,0.5988475051835747,698.5942205175455,0.0171916806185168,Success
15.07307335124959,13.767973747638946,8.0032e-05,4.170404274552138,0.019644297439762592,2204.0610748974314,0.036499465228169554,0.9968840658494931,0.9973704822486205,0.0001481613244928236,0.9974818194390196,0.9972577176583445,0.5358162835594499,0.05019971856716407,29.09168933281571,6.0,6.0,0.0,1.2688305617012906e-06,0.00029404991565798694,9.218397396282274e-05,0.6010183172867176,27.31229237518028,196.05651245894842,1,True,transit,TIC_317951248.csv,1.0,5778.0,4.1665143298589316,3047.056856337216,0.0343854010453874,Success
,,,,,,,,,,,,,,,,,,,,,,,214.18488058296498,1,True,transit,TIC_219751469.csv,,,,,,Required feature(s) not computable: ['transit_shape_ratio']
7.933711827987603,6.707581933666781,0.00160064,3.432746231476961,0.04038066657325645,1658.6313641782403,0.0761416218636351,0.9964781013830777,0.9967344920694184,0.00023992732540806174,0.9968174667125116,0.9965708057280446,0.3470754548599887,0.05336979957275389,19.9060802977855,7.0,6.0,1.0,8.845991272873673e-06,0.0006530037781231837,-0.00045088145886706954,0.3681208194990856,13.087166742622161,32.029918499989435,1,True,transit,TIC_220435095.csv,2.6126101,5620.9,2.308548340867715,1823.9095165315523,0.0185661507467432,Success
,,,,,,,,,,,,,,,,,,,,,,,141.81426212494262,1,True,transit,TIC_274122380.csv,,,,,,"Required feature(s) not computable: ['FAP', 'transit_shape_ratio']"
7.05644966775602,6.277780409338317,0.008563425,2.5876781075269535,0.05129691129969105,1792.5166487621075,0.27472038086871486,0.9982257510843043,0.9984806855761986,4.0612054911606746e-05,0.998449402676609,0.9985101977456231,0.5300807618242689,0.03788038820509722,17.526125137314207,9.0,8.0,1.0,6.906746443006196e-07,0.00019643812171763882,0.0015021572499192004,0.9029688943390934,3.633606461696567,11.168470666976646,1,True,transit,TIC_71854745.csv,1.0,5778.0,2.364603097642837,4297.672470461755,0.0015832957867656,Success
,,,,,,,,,,,,,,,,,,,,,,,253.0619173339801,1,True,transit,TIC_100267480.csv,,,,,,Required feature(s) not computable: ['transit_shape_ratio']
14.196482542250138,12.687307773661678,8.0032e-05,3.8480565762616465,0.011048879140935775,3395.803326807185,0.02110308887670098,0.9984877783641157,0.9982139508782465,0.00012787244916211742,0.998259530726979,0.9981463162639976,0.3123904617055234,0.03497154912241383,13.60941941597178,8.0,5.0,3.0,1.3251500659628847e-06,0.00017283957611527578,9.913138895867313e-05,0.14878797652469275,47.31476914104756,259.9118854170665,1,True,transit,TIC_384045439.csv,0.68,5113.0,1.9241350477910544,1694.8276345536417,0.0266071138293365,Success
15.033976196849535,13.784393643281618,8.0032e-05,2.4255894009166767,0.015141355872080986,2257.527256637306,0.062433039684296164,0.9962545823551111,0.9963876737318429,8.211790567297375e-05,0.9965239418132317,0.9962497834113899,1.188983429487738,0.05503731934155126,41.32158810405352,10.0,8.0,2.0,2.556505510391421e-06,0.0003231355262129823,-0.00023244797427279806,0.6351291043349676,15.957169271155957,108.70644149999134,1,True,transit,TIC_141227133.csv,1.0,5778.0,1.1498743775998066,485.26760128364543,0.0508841049184741,Success
,,,,,,,,,,,,,,,,,,,,,,,179.8588985829847,1,True,transit,TIC_210337597.csv,,,,,,"Required feature(s) not computable: ['depth_mean_odd', 'odd_even_mismatch', 'transit_shape_ratio']"
7.9750718026928915,6.859073108823348,0.001360544,1.445136353962102,0.008629148933803288,2990.3936876607895,0.021127226154006255,0.9948604922365424,0.9951509214820811,0.0006821230765122926,0.9952733767045981,0.9950437731623788,0.11959900872098675,0.06447152009760859,11.209361684741367,17.0,15.0,2.0,4.3472790633265475e-05,0.0010631309386754074,2.5173095300812243e-05,1.074795923500575,47.08902555330917,80.3537301250035,1,True,transit,TIC_22020459.csv,1.67,6561.0,0.1111272836394832,22323.966726153776,0.0045631192259792,Success
,,,,,,,,,,,,,,,,,,,,,,,107.85785950010177,1,True,transit,TIC_377191482.csv,,,,,,"Required feature(s) not computable: ['depth_mean_odd', 'odd_even_mismatch', 'transit_shape_ratio']"
,,,,,,,,,,,,,,,,,,,,,,,101.8260627919808,1,True,transit,TIC_253030300.csv,,,,,,Required feature(s) not computable: ['transit_shape_ratio']
,,,,,,,,,,,,,,,,,,,,,,,7.366378791979514,1,True,transit,TIC_179033846.csv,,,,,,Required feature(s) not computable: ['transit_shape_ratio']
,,,,,,,,,,,,,,,,,,,,,,,61.59496437490452,1,True,transit,TIC_158555987.csv,,,,,,"Required feature(s) not computable: ['FAP', 'transit_shape_ratio']"
,,,,,,,,,,,,,,,,,,,,,,,261.86762829194777,1,True,transit,TIC_286696848.csv,,,,,,"Required feature(s) not computable: ['depth_mean_odd', 'odd_even_mismatch']"
,,,,,,,,,,,,,,,,,,,,,,,157.90679166698828,1,True,transit,TIC_58474992.csv,,,,,,"Required feature(s) not computable: ['depth_mean_odd', 'odd_even_mismatch', 'depth_consistency_std', 'transit_shape_ratio']"
,,,,,,,,,,,,,,,,,,,,,,,323.4502001669025,1,True,transit,TIC_29960109.csv,,,,,,Required feature(s) not computable: ['transit_shape_ratio']
6.442790332408045,4.92088221274542,0.0242497,12.825151010895716,0.18472439726604595,1687.2346525582473,0.06625322232544473,0.9976844080383004,0.9985480463299501,0.0008256612559098617,0.9987276743768193,0.9983684182830806,0.15444767566449644,0.04327510830748507,10.626837863651456,2.0,2.0,0.0,9.618123129567543e-08,0.00017962804686932898,-2.5249284957729046e-05,0.3607265969219263,15.058654855118451,3.4028152499813586,1,True,transit,TIC_383723559.csv,2.18,6173.0,6.3942278011131055,3807.5931377745674,0.0322622923405001,Success
23.89239497554981,18.871111612182055,8.0032e-05,7.066027066159999,0.03302647278883253,2206.2165851962727,0.12487728284404545,0.9954574286521922,0.9960583922331013,7.152971340022403e-05,0.9960372732570426,0.9960795112091605,0.2089707185466373,0.06061191778470254,89.02450544463728,4.0,4.0,0.0,3.909485543250992e-07,5.705104756752357e-05,0.0001636738168188101,-0.42511581336320303,7.971485333288214,332.2484331249725,1,True,transit,TIC_124709665.csv,5.73,8924.0,7.0616792191389015,4058.419719637607,0.1271584237629462,Success
6.167191989479288,5.725239386605629,0.041776711,0.801275516054604,0.0013777330739516147,2036.7718185607616,0.03364174836230149,0.9845739418947844,0.9858269446830561,0.0027779202457150734,0.9843858247978462,0.98736979067781,0.3800405496310899,0.11169523039321375,4.7319736851953556,30.0,29.0,1.0,0.006246338473557853,0.012718322097891994,0.00351586033462159,-3.6291756454301622,29.266432032351958,606.533409458003,1,True,transit,TIC_149126400.csv,0.297644,3725.0,10.935118725882775,9950.783268817599,0.0475723537502595,Success
,,,,,,,,,,,,,,,,,,,,,,,1.5794885420473292,1,True,transit,TIC_5024743.csv,,,,,,Required feature(s) not computable: ['transit_shape_ratio']
23.46491987335853,23.2648957890839,8.0032e-05,0.4801769861801739,0.0013336388200137772,2911.5637571278953,0.052620019707383274,0.991625029133575,0.9924973317449683,7.205469783425579e-05,0.9924215852923647,0.992585329985065,0.8047696326213148,0.08229980369491313,108.9194401685357,53.0,49.0,4.0,8.642373655455607e-06,0.0004183788495924607,0.007773076198947626,0.47413235002787885,18.845014400373497,248.76863987499382,1,True,transit,TIC_115564354.csv,0.79,5627.0,0.4803061417760721,7178.766965804218,0.0607653681726122,Success
,,,,,,,,,,,,,,,,,,,,,,,16.853666999959387,1,True,transit,TIC_98494121.csv,,,,,,Required feature(s) not computable: ['transit_shape_ratio']
11.360629981454936,11.069051843693318,8.0032e-05,4.224674956265074,0.03919008499662935,2393.9328993860127,0.03868483797611372,0.9920702042171557,0.993214573782508,0.0006167302853580243,0.9933202516013994,0.9931063184558387,0.12262853860747255,0.08008259698196162,42.11196073417728,6.0,6.0,0.0,4.355418523270741e-06,0.0003186941262175696,0.00014625091908782029,-10.548186742106545,25.64493626235989,71.07388704200275,1,True,transit,TIC_377304435.csv,2.14,6314.0,4.22994422257722,15409.629994076024,0.0201826603842439,Success
31.925718202780384,30.673678392238624,8.0032e-05,1.150876844283655,0.0018766976890762788,2256.1875242138512,0.05633797982033796,0.9959543967046064,0.9962280972577706,1.823389359664305e-05,0.996222866731659,0.9962339795107779,0.2162800135720021,0.05720036420469349,237.92112836704896,21.0,17.0,4.0,1.8265939071148847e-07,2.505729801426179e-05,0.0030661748983268344,-0.9844377313649999,17.67820571274847,376.7803229170386,1,True,transit,TIC_310483807.csv,6.04,10037.0,1.1512350336858113,3639.662578560854,0.073716828514055,Success
34.34225411606722,34.128781886369595,8.0032e-05,0.846127647345533,0.0012999362969392525,1764.8446870782611,0.03203347896968106,0.9808513865769052,0.9819293399707387,0.0005875127517465179,0.9824471290628219,0.9814660549936115,0.6265337819962329,0.12444453023708167,286.9764304394728,28.0,24.0,4.0,1.3399634117656475e-06,0.002015732019763868,0.000563691962077062,0.2621422135084389,30.619571090147844,30.650474500027485,1,True,transit,TIC_377739433.csv,3.4,6524.0,0.8465286100067846,17415.96669358636,0.0395961567367242,Success
13.817459802152364,13.738137122128355,8.0032e-05,1.7039982091531976,0.007670306839273611,1955.9295708698942,0.058920441150627736,0.9917746344878193,0.9929760161020182,0.00019047967428822632,0.9930317202315381,0.9929201456915145,0.20711000288948403,0.08156141463937538,69.93479981025739,16.0,16.0,0.0,7.448809243758637e-06,0.0006284026552526244,0.0009303729388560056,0.8274232065007744,16.832437353148585,121.03348524996545,1,True,transit,TIC_356919658.csv,1.32,6404.0,0.853092133886894,9416.048597722825,0.0500734345635379,Success
,,,,,,,,,,,,,,,,,,,,,,,93.99977241689339,1,True,transit,TIC_72668830.csv,,,,,,Required feature(s) not computable: ['transit_shape_ratio']
,,,,,,,,,,,,,,,,,,,,,,,413.7886345000006,1,True,transit,TIC_26433869.csv,,,,,,Required feature(s) not computable: ['transit_shape_ratio']
13.773049130041528,13.279470624391804,8.0032e-05,1.7570453732931326,0.008152973609054759,1412.591094170339,0.06038962732475171,0.99827954095797,0.9983729014667475,6.22465135670913e-05,0.9983866883603981,0.998362655727288,0.13575311228835982,0.03730175934512689,26.720682268581175,14.0,12.0,2.0,1.8923138558991708e-06,9.249616737382087e-05,0.000207063649160788,1.8084277135713445,16.53064582746329,57.430419542011805,1,True,transit,TIC_176984236.csv,1.29,6249.0,6.406865279536518,2538.794041807568,0.0071000910299807,Success
6.944117417568184,6.562213638957095,0.010404162,5.026999548355609,0.06114493930435039,3833.7170819198523,0.10786496364110996,0.9970609872410757,0.9975598328127834,0.0004094827846449207,0.9976168307936034,0.9974732254912779,0.12310099193428219,0.04875373389577466,6.1415336891184085,5.0,5.0,0.0,6.100047455334329e-05,0.0011244322733176845,-5.431181979709265e-06,-0.9071344848467577,9.24360379481991,50.9186629159376,1,True,transit,TIC_263203229.csv,1.55,6713.0,2.1525501281907604,1196.6104332024051,0.0211149611355649,Success
9.84746253864986,6.684884183486954,8.0032e-05,7.808053661453969,0.03154196365200912,1439.5910070656435,0.08691164634434058,0.9984307595855751,0.9991195991669245,0.0001992928060155059,0.9992421968519359,0.9989970014819131,0.4359679899716551,0.035624755229560545,12.259445980607378,4.0,4.0,0.0,6.642362419540737e-07,0.004231768544860574,-7.942515010350704e-05,-1.9538304932073056,11.487882252625052,192.66785900003742,1,True,transit,TIC_311183180.csv,0.69,5076.0,0.9931921191863752,143.34947370320262,0.0203073725540181,Success
22.942874254432233,22.870587696812503,8.0032e-05,1.0514101299582448,0.0033058485931988235,1492.410773937288,0.07554633669217996,0.9976896160581473,0.9979658630549368,1.2798819028083158e-05,0.9979584383948648,0.9979747313989119,0.4494809467649252,0.043226415685010865,221.74767094382273,23.0,22.0,1.0,1.0933760669254226e-07,6.785234851565798e-05,0.0018890234130897188,5.137678277801096,13.206326868281112,120.19252774992492,1,True,transit,TIC_19451711.csv,1.0,5778.0,1.05105393490275,1932.5647443235728,0.081031987319903,Success
,,,,,,,,,,,,,,,,,,,,,,,131.1197785839904,1,True,transit,TIC_841226527.csv,,,,,,"Required feature(s) not computable: ['period_uncertainty', 'depth_mean_odd', 'odd_even_mismatch', 'depth_consistency_std']"
27.028606925922062,25.31504144691137,8.0032e-05,0.6756286721395487,0.0006956083574695682,1683.6173136373197,0.015282273635860103,0.9976008783232522,0.9977243085692571,5.382841552219807e-05,0.9978188780136262,0.997628923871057,1.2561013474595972,0.044048719119513635,45.168595607498546,32.0,22.0,10.0,5.910937819030569e-07,0.0003224643437593457,0.00040337031416459723,0.7090702925761649,65.27830230590594,186.4116936250357,1,True,transit,TIC_110428269.csv,2.59,9994.0,0.6756205389717747,2196.6152105949986,0.0230563520543729,Success
,,,,,,,,,,,,,,,,,,,,,,,152.8115437499946,1,True,transit,TIC_299876474.csv,,,,,,Required feature(s) not computable: ['transit_shape_ratio']
17.024998150914534,16.690946185209317,8.0032e-05,1.709691988646219,0.005893639316242094,2771.4362559239903,0.05647945398436385,0.9918148717958161,0.9926771886934022,0.00019326125665559287,0.9926097164099473,0.9927676183513102,0.28520372849021947,0.08136167669814676,42.45603471003944,15.0,14.0,1.0,1.6846025777950163e-05,0.0004431545653907405,0.0006816493395126466,0.4627343453260409,17.560631377038394,108.07795212499332,1,True,transit,TIC_40779013.csv,1.0,5778.0,3.3545998064414393,8539.324706118401,0.0287045678935993,Success
16.260614555055966,12.764615351497083,8.0032e-05,6.9149880345409445,0.05341124954057719,1329.4792911498137,0.09775844442110211,0.9961032693395355,0.9966864680523136,0.00010317533192462808,0.9967409472519867,0.9966319888526406,0.3735608239763703,0.0561380523499938,70.87751565653605,4.0,4.0,0.0,5.222969596510837e-07,0.00016987275014695579,9.746810353239432e-05,0.5616430252387432,10.189434531596504,87.08146641694475,1,True,transit,TIC_149539158.csv,1.0,5778.0,6.903046504925729,3854.5892045880328,0.0905019021400381,Success
,,,,,,,,,,,,,,,,,,,,,,,26.922638250049204,1,True,transit,TIC_206466531.csv,,,,,,Required feature(s) not computable: ['transit_shape_ratio']
11.901924199167253,10.426505804833258,8.0032e-05,4.137677326553617,0.038887835902849055,1573.7939260913513,0.08310434749839014,0.9969348248599581,0.9971424171904889,0.00010154025151051606,0.9973004732053925,0.9970358625736997,0.8968183187242631,0.04978915940753453,45.858112296225165,6.0,5.0,1.0,1.1332940344993742e-06,0.000242845604944234,0.00033463964240476596,-0.10978281850774027,11.99618136559306,44.962289666058496,1,True,transit,TIC_131081852.csv,1.26126,6072.0,4.129671833362583,3519.1881196176,0.0800743044234825,Success
16.65091184667794,9.8492315466927,8.0032e-05,11.861787726126224,0.0643191164574155,2973.3604755152683,0.05790732209477186,0.9793379185339338,0.9824447612856773,0.0011252027453737758,0.9810443629600252,0.9839151795276118,0.9239793898623417,0.12926893820899524,21.21330590316226,2.0,2.0,0.0,5.492278228054576e-05,0.0014354082837932935,-0.0005880872784418401,0.7061938333683724,16.91216038156862,116.70820908306632,1,True,transit,TIC_238162973.csv,0.75,4427.0,5.259100404169431,2487.5388752143567,0.0367119410019872,Success
,,,,,,,,,,,,,,,,,,,,,,,40.484671000042,1,True,transit,TIC_262457587.csv,,,,,,"Required feature(s) not computable: ['FAP', 'transit_shape_ratio']"
21.19517428277561,18.279795446417378,8.0032e-05,3.503140368339218,0.012566660892870729,3315.1629405732356,0.06444747226749141,0.9867663645732601,0.988747363280595,0.00025142566936504104,0.9888075612716688,0.9886672436521874,0.19602314930119424,0.10345386726157668,66.33251575501184,7.0,7.0,0.0,8.566698710293688e-06,0.00047561513220682294,0.0007719495783208297,-0.18136967662349793,15.31117249219105,420.2495090829907,1,True,transit,TIC_105387356.csv,3.11,6529.0,3.504622904004591,12288.016923696188,0.0691296986093436,Success
6.803815635416074,6.433560826731473,0.013445378,5.149408332087303,0.01857005857430405,1329.7063201035257,0.03617551624353026,0.9989806673531354,0.9991687235580619,0.00016203870238871274,0.999110915778598,0.9992554352272577,0.3119063367494516,0.0287121103047433,5.075430566811873,5.0,5.0,0.0,3.486441100159761e-06,0.0002015341743180186,0.00010187772220282554,-0.989564645594079,27.614828234325365,139.7189449169673,1,True,transit,TIC_33878688.csv,0.77,5168.33,5.148335683499879,1587.8751433138216,0.019513522579795,Success
,,,,,,,,,,,,,,,,,,,,,,,53.03216016595252,1,True,transit,TIC_456042145.csv,,,,,,Required feature(s) not computable: ['transit_shape_ratio']
9.505582919522595,9.125136829487467,8.0032e-05,2.3361381215098644,0.017469847357893142,2825.3412466048176,0.13163511332752184,0.9987026126954417,0.998883349621767,6.870933022215146e-05,0.9989716311888898,0.9987950680546441,0.9104761693451426,0.03239231363397079,15.85340520926686,12.0,12.0,0.0,5.580554274839251e-06,0.00025538802747646127,0.0004820563130911726,0.1599185528371023,7.5869013020148035,31.06881412502844,1,True,transit,TIC_328750515.csv,2.0780001,7577.0,3.751601053700003,1190.0609737911516,0.1321984365386765,Success
7.275111838533499,7.075686492441165,0.006002401,4.260048311567885,0.058445844316589834,2231.9785936851977,0.05310656679141691,0.9974988499414951,0.9979086623099798,0.0002174209945543241,0.9977907403069277,0.9980286531201028,0.3874400143551953,0.04497560571927701,17.753331559443495,6.0,6.0,0.0,3.2247756155816035e-06,0.00016131509458433405,6.496985233117591e-05,0.06042933658919043,18.78296621695212,22.64879941707477,1,True,transit,TIC_153651591.csv,2.80165,9389.0,2.1265473017280287,6175.942009218449,0.0191093593629398,Success
,,,,,,,,,,,,,,,,,,,,,,,3.1824073339812458,1,True,transit,TIC_409520860.csv,,,,,,Required feature(s) not computable: ['FAP']
7.173844179674647,7.308239237895328,0.007202881,2.0036620313406024,0.01363028141913425,1325.748994179708,0.026008523888801514,0.9947014401888415,0.995197867503143,0.0002476209601425126,0.9954413058532077,0.9948882517375266,0.7888962659452545,0.06546151730042926,23.108839433206384,14.0,13.0,1.0,1.0336685555179722e-05,0.0013627017126574003,0.0005855031509454101,-0.12432278265907784,38.245209318362356,51.676112917019054,1,True,transit,TIC_350445771.csv,1.98958,6474.57,0.4002831384192391,5843.397926524552,0.0294954863924466,Success
,,,,,,,,,,,,,,,,,,,,,,,1.7345618329709396,1,True,transit,TIC_156678143.csv,,,,,,Required feature(s) not computable: ['transit_shape_ratio']
10.78414751863453,10.537904731580864,8.0032e-05,2.0099705780328505,0.01133407921206675,2307.970448450636,0.04012030147408764,0.9979442066476463,0.9981665519460138,9.35791808004207e-05,0.9981342882094798,0.9981990021781347,0.24453892215981085,0.04077527282209254,38.82856113463821,13.0,12.0,1.0,8.184676649286595e-07,0.00018444212018005137,0.00012078886103195074,-0.6180311677043335,24.87379630714353,89.81991233304143,1,True,transit,TIC_325172035.csv,1.0,5778.0,2.0075777522741904,3004.545874176201,0.0261189547555861,Success
9.396377266191,8.904584152663753,8.0032e-05,3.7151246161763494,0.03457764899201954,2282.9904086466704,0.101501596747151,0.9969963711564964,0.9972386845899429,5.961950533563097e-05,0.9971876354973868,0.9973393841697796,0.9501493266846166,0.049286761175629315,49.89496563282735,7.0,6.0,1.0,1.2592990855740557e-06,0.0001977141004789332,-0.0008480844508484964,0.5063913587975235,9.822469824194965,27.64864770800341,1,True,transit,TIC_54044474.csv,1.9,7013.8,1.5733811631263206,1466.419933471963,0.0439585206820609,Success
9.731652291439698,9.219878258326622,8.0032e-05,2.7762698520208806,0.022330196369046096,2257.6470231310655,0.047410166425843586,0.9994563063277719,0.9994665791631688,5.099871441356004e-05,0.9994904722222723,0.9994344875053534,0.38758973544090297,0.020969317046924674,10.44593299962158,9.0,7.0,2.0,6.224434256270962e-07,6.601798954492253e-05,-1.5073566904444391e-05,0.42168901796158,21.081054585435115,23.110204125056043,1,True,transit,TIC_180987952.csv,1.84,10585.0,6.4436400573767925,270.64915123198307,0.1258297841407834,Success
,,,,,,,,,,,,,,,,,,,,,,,138.5878814579919,1,True,transit,TIC_348684813.csv,,,,,,Required feature(s) not computable: ['transit_shape_ratio']
26.30876614189219,26.008395022564,8.0032e-05,0.6258029115160455,0.0013968821888835636,3584.7869202484694,0.021502883031456855,0.9885517948196856,0.9896560279964572,0.00044360360332413635,0.9896954440623292,0.9896140413175935,0.06486725528646713,0.09622232557769161,22.734531135724826,41.0,38.0,3.0,0.0001177423953734682,0.0029352515951423827,0.003774652580537996,0.30127933627681436,45.972988523144544,174.98213933303487,1,True,transit,TIC_268727719.csv,0.593043,3718.0,1.878993425347374,3781.3521440359655,0.0379099400824638,Success
10.425559506452858,9.051340599282733,8.0032e-05,1.866647449453269,0.003549236069123163,1931.8292377131172,0.022227561122355015,0.9995975590081362,0.9995461895062949,7.069214220099009e-05,0.9994326839402683,0.9997054634457192,1.3938549005079643,0.01804090219944286,7.405328203183253,13.0,10.0,3.0,5.614990008988409e-07,0.0002853830019097392,-1.5345138251188217e-06,0.45611881187204667,44.971085829241375,114.88764712493867,1,True,transit,TIC_202428245.csv,3.37,5019.0,1.865211617617208,881.2808363052316,0.011462378078502,Success
,,,,,,,,,,,,,,,,,,,,,,,146.5099722079467,1,True,transit,TIC_155044736.csv,,,,,,Required feature(s) not computable: ['transit_shape_ratio']
,,,,,,,,,,,,,,,,,,,,,,,25.62713154195808,1,True,transit,TIC_58046864.csv,,,,,,Required feature(s) not computable: ['transit_shape_ratio']
13.436607061758087,13.425567495263966,8.0032e-05,1.9766443305029588,0.01530394451262751,2231.022034662331,0.025841850591632392,0.9958812933636434,0.9965531022929203,0.00017752430911894694,0.9965490159561013,0.9965574610521937,0.01680968815761615,0.05771485070719151,135.1478129598021,12.0,12.0,0.0,2.1869098308294843e-07,0.000335426360428024,4.865844056023416e-05,0.15867378237930405,38.53753777549161,23.067042500013486,1,True,transit,TIC_294090620.csv,2.0411401,9333.0,1.97538265274163,5040.260497220394,0.0191276791894215,Success
,,,,,,,,,,,,,,,,,,,,,,,1.7136399999726564,1,True,transit,TIC_409520860.csv,,,,,,"Required feature(s) not computable: ['FAP', 'transit_shape_ratio']"
,,,,,,,,,,,,,,,,,,,,,,,27.69808570796158,1,True,transit,TIC_291555748.csv,,,,,,Required feature(s) not computable: ['transit_shape_ratio']
8.224647813752153,8.28219220354027,0.001040416,1.621081437769707,0.01036600667442733,2282.157876824487,0.03844329697132389,0.9991586950510843,0.9992512071832055,5.641943640048332e-05,0.9992602773353849,0.9992392864117694,0.13060018825703357,0.026084581220244582,21.49693695502224,15.0,14.0,1.0,4.1288510430751347e-07,5.927478114805697e-05,6.918854890891613e-05,0.26812345438985413,25.99045279067478,25.001808666042052,1,True,transit,TIC_363260203.csv,1.74,9158.0,0.3237787202259212,1686.6267659851885,0.018303464179407,Success
,,,,,,,,,,,,,,,,,,,,,,,18.424929667031392,1,True,transit,TIC_207468071.csv,,,,,,"Required feature(s) not computable: ['depth_mean_odd', 'odd_even_mismatch']"
11.332288950480395,10.61743795076082,8.0032e-05,6.975999836170105,0.08683275454262285,2802.296302590792,0.047528544058718966,0.9875878773874577,0.9892412917991724,0.0008833304403416564,0.9893366860782137,0.9891444946630865,0.07782235604317382,0.10019133776376879,12.937533740064463,4.0,4.0,0.0,9.405086941121192e-05,0.001922214537601033,0.0003069927236823977,1.3340386381301783,20.778837158726045,26.45386424998287,1,True,transit,TIC_267867517.csv,2.34,7047.0,6.973912391225303,12147.116314789597,0.0451081723663064,Success
14.403935549980002,11.639785947792356,8.0032e-05,6.562169777880392,0.04123448040211297,2148.142598397033,0.09357763543853495,0.9909561255367275,0.992705265757306,0.0006510947416011508,0.9931764949878304,0.9922340365267817,0.5151382114800918,0.08552329198628653,16.860518989605485,4.0,4.0,0.0,9.692185311229474e-06,0.0018677102294087362,0.0008510690476111193,0.564498012410894,10.589668363522842,17.849383959081024,1,True,transit,TIC_71401634.csv,0.75,4886.0,6.573631681632035,8220.83505618476,0.1005682345491779,Success
,,,,,,,,,,,,,,,,,,,,,,,9.509484665933996,1,True,transit,TIC_118301361.csv,,,,,,Required feature(s) not computable: ['transit_shape_ratio']
6.861506930056773,6.596431480180351,0.012084834,2.60707982163701,0.024706276532850735,2912.9091354003067,0.03732933022789951,0.9929081566765032,0.993931547715763,0.000989370687694104,0.9942399012382207,0.9936300976303752,0.21796266361357125,0.07573327067991989,19.680260704255296,10.0,10.0,0.0,2.878951178079932e-05,0.0011323476576173533,0.0001624818489096569,0.38590668049755716,26.598606259868415,19.38886108295992,1,True,transit,TIC_321436679.csv,2.2823701,6361.4,1.3018216761203147,47617.241644693386,0.0051200032090747,Success
,,,,,,,,,,,,,,,,,,,,,,,74.40392866602633,1,True,transit,TIC_393251073.csv,,,,,,Required feature(s) not computable: ['transit_shape_ratio']
12.155788263501249,10.685550120465942,8.0032e-05,3.6888282385170776,0.026287176539927737,3833.9692000456316,0.059584308048060294,0.9868762111338438,0.9888832044616999,0.0010237635641168355,0.9885140910898058,0.9892523178335939,0.25500903230405453,0.10302361013623917,13.142924305294502,6.0,6.0,0.0,0.00018323936138240469,0.002271957093179841,0.001860748806778889,-0.5004830569287482,16.562686443179572,48.413343667052686,1,True,transit,TIC_310267134.csv,0.98,5259.0,3.695325554898659,18962.322323078817,0.0429339215163276,Success
12.846191650706153,12.616542445740249,8.0032e-05,1.1108782494714244,0.006839273538079449,1411.6539205762206,0.08814469660160922,0.9995419769042427,0.9995602764915288,2.9415300928404824e-05,0.9995264593639492,0.9995987685182536,0.8675204422876258,0.019246458861143474,15.232596723143688,23.0,19.0,4.0,9.96296151373767e-07,0.00011494080129744269,0.0004064397156747779,-1.2839636698611288,11.339785777718527,51.34536733292043,1,True,transit,TIC_161477033.csv,1.0,5778.0,1.111631464308751,456.3722524237868,0.0995662043100187,Success
19.50887414394627,19.459307685258835,8.0032e-05,1.1869715794463989,0.0038763316707057793,1738.9558036363958,0.0219275898897919,0.9923069543296497,0.9928016600532545,0.0003411875166746625,0.9928531455290748,0.9927553231250165,0.1010971057239633,0.07887807481103883,95.61789178924003,20.0,17.0,3.0,2.2008243970743996e-06,0.0008726288136075964,0.00019904129901493484,0.08567593477534192,45.25380852692822,47.93544379202649,1,True,transit,TIC_322202434.csv,0.94,5521.0,1.1861476715615964,10610.638691608832,0.017590324650425,Success
16.50435538627932,12.860046244412425,8.0032e-05,6.049249890761209,0.04552635419105222,1767.4503898881828,0.03323243613929777,0.99455412821759,0.996401191640428,0.0013258216642532065,0.9953564367000675,0.9974459465807884,0.5886106438344123,0.06636526805509081,18.875932922401105,4.0,4.0,0.0,1.655554901467979e-07,0.0025070310950596644,5.930825418776209e-06,0.6568514169748019,29.927210994968778,2.14263195800595,1,True,transit,TIC_461387302.csv,1.27,6406.0,6.044820476926458,6220.499282327596,0.0182645354332535,Success
,,,,,,,,,,,,,,,,,,,,,,,3.7005595000227913,1,True,transit,TIC_231703293.csv,,,,,,Required feature(s) not computable: ['transit_shape_ratio']
8.988494708640976,8.866721871490189,0.000240096,1.7682261283641152,0.01934316143422543,2912.8363607292345,0.13669061803482527,0.9995334865216916,0.9995763210164382,1.0348822865444374e-05,0.999551957554664,0.9995965008534636,1.517765536367556,0.019424025730571767,46.232304257449435,14.0,13.0,1.0,6.259396598878663e-08,5.7343030938971765e-05,0.0003709634135083961,1.779186508245779,7.312378134591769,11.141074875020422,1,True,transit,TIC_354006740.csv,2.03,6481.7,1.358142611889825,1060.9166388495516,0.0255998673643742,Success
13.074579834497532,12.571621832909395,8.0032e-05,2.5342216436573697,0.01707819131654431,3533.4158166163184,0.10493684432470506,0.992849776127567,0.9937753028553323,0.0003449779828164656,0.994444079515748,0.993023371424971,1.459047331921002,0.0760443525636862,18.123995772007145,11.0,11.0,0.0,9.472777206773409e-05,0.0016212910918920252,0.0006895760438229148,0.1094739079021981,9.461403023092648,48.842327957972884,1,True,transit,TIC_291147951.csv,1.13,5854.0,1.7950939311110536,2521.7366563103915,0.1103087487370576,Success
,,,,,,,,,,,,,,,,,,,,,,,18.741233666078188,1,True,transit,TIC_82707763.csv,,,,,,"Required feature(s) not computable: ['depth_mean_odd', 'odd_even_mismatch']"
,,,,,,,,,,,,,,,,,,,,,,,50.81837870902382,1,True,transit,TIC_271596418.csv,,,,,,Required feature(s) not computable: ['transit_shape_ratio']
,,,,,,,,,,,,,,,,,,,,,,,46.00069033296313,1,True,transit,TIC_384386061.csv,,,,,,Required feature(s) not computable: ['transit_shape_ratio']
6.225515023332787,6.022077590975876,0.037935174,2.6304550961334803,0.0152014198851258,2798.5166061468235,0.10569637942354738,0.998789318325288,0.99893856195795,0.00019814576118893835,0.9988824059210527,0.9989945706036746,0.2001562331323187,0.0312911937200129,5.187550783446068,10.0,10.0,0.0,3.179268352200001e-05,0.0004066260154623897,-2.794999999999881e-05,0.11876123969449173,9.449607675991732,59.47666870907415,1,True,transit,TIC_1979500576.csv,1.0,5778.0,6.37435937794222,4362.257395844172,0.0065643481029034,Success
,,,,,,,,,,,,,,,,,,,,,,,55.206835209042765,1,True,transit,TIC_190271688.csv,,,,,,Required feature(s) not computable: ['transit_shape_ratio']
7.238130314353537,6.905945349873847,0.006322529,3.1832071414021743,0.030447456346895052,2965.255536759016,0.08112437024301845,0.997220290700445,0.9976445549470995,0.00030461608458596314,0.9977170825732237,0.9975720273209749,0.16838714630365054,0.047414026363672916,7.824882617976537,8.0,8.0,0.0,4.22049738974576e-05,0.0005347540794951683,-5.8254809153890363e-05,0.9158313051349458,12.292487297135791,18.246878041070886,1,True,transit,TIC_134315574.csv,2.06,6033.0,1.4257851379592703,865.0072878632064,0.0178986080425504,Success
,,,,,,,,,,,,,,,,,,,,,,,112.8256311250152,1,True,transit,TIC_143526444.csv,,,,,,Required feature(s) not computable: ['transit_shape_ratio']
,,,,,,,,,,,,,,,,,,,,,,,101.43815187492874,1,True,transit,TIC_129432342.csv,,,,,,Required feature(s) not computable: ['transit_shape_ratio']
,,,,,,,,,,,,,,,,,,,,,,,12.514091374934651,1,True,transit,TIC_51318828.csv,,,,,,"Required feature(s) not computable: ['depth_mean_odd', 'odd_even_mismatch']"
20.843204304211138,19.213956176124977,8.0032e-05,1.2352377625257411,0.003835284723694654,3776.0632041642525,0.029750542115517645,0.9826604667447625,0.9823416250011114,0.0006765040270432048,0.9808573000251988,0.9840694720433842,1.7086637404174587,0.11842021584245378,28.65479338109272,19.0,13.0,6.0,0.000105585417290545,0.0035958546446841462,0.003537415788257725,1.9446200331987415,33.030002039264176,91.62973562499974,1,True,transit,TIC_322862882.csv,0.59,4313.2,1.950467267293246,639.112243474349,0.0543156965431741,Success
9.572606199975167,9.148134657431472,8.0032e-05,2.7762698520208806,0.022330196369046096,2257.6470231310655,0.047410166425843586,0.9994563063277719,0.9994665791631688,5.099871441356004e-05,0.9994904722222723,0.9994344875053534,0.38758973544090297,0.020969317046924674,10.267957010808562,9.0,7.0,2.0,6.438752525910443e-07,6.601798954492253e-05,-1.5073566904444391e-05,0.38521711782757423,21.081054585435115,25.788842707988806,1,True,transit,TIC_180987952.csv,1.84,10585.0,1.7099398747184946,4149.5601056950045,0.0022006026095298,Success
,,,,,,,,,,,,,,,,,,,,,,,16.983297499944456,1,True,transit,TIC_127315102.csv,,,,,,Required feature(s) not computable: ['FAP']
,,,,,,,,,,,,,,,,,,,,,,,28.99578591599129,1,True,transit,TIC_75427473.csv,,,,,,"Required feature(s) not computable: ['FAP', 'period_uncertainty', 'depth_mean_odd', 'odd_even_mismatch', 'depth_consistency_std', 'transit_shape_ratio']"
6.3648412361335245,6.389859297954043,0.028651461,3.121440154658762,0.02887334244986084,2884.2766600112327,0.1195162905884716,0.9932223442459417,0.9942394865808925,6.62527133769334e-05,0.9941637512387684,0.9943341557585476,0.901909188610714,0.0740366739602385,67.80285303071614,9.0,9.0,0.0,5.774003574600923e-06,0.0001043666416923639,0.0011255478469316404,0.9797277719224066,8.31035116096338,38.60148979094811,1,True,transit,TIC_470709084.csv,2.32,6370.0,0.7805398188693442,5755.072996707966,0.1239969036707303,Success
9.06724322431615,9.071563978063203,8.0032e-05,2.6473442167528765,0.019865153717909534,2826.589424829697,0.041229017078547134,0.964750118812912,0.9677994393508108,0.0007477554742648874,0.968260249974672,0.9673355151416532,0.4377232031584943,0.16884413347835767,53.45218471552161,11.0,10.0,1.0,0.00011092396900490231,0.002043311632778234,0.0016806591993838715,0.11865969739702313,23.39978459770035,49.26487912493758,1,True,transit,TIC_305550963.csv,2.0,6227.0,0.6615331202285104,35211.827249236216,0.048442622071826,Success
,,,,,,,,,,,,,,,,,,,,,,,13.26249429199379,1,True,transit,TIC_23113034.csv,,,,,,Required feature(s) not computable: ['FAP']
,,,,,,,,,,,,,,,,,,,,,,,96.041968000005,1,True,transit,TIC_310981412.csv,,,,,,Required feature(s) not computable: ['transit_shape_ratio']
10.088153681941632,9.39458086685741,8.0032e-05,2.203247450301441,0.015450892347613987,3396.9045370911335,0.04931588542218447,0.9990806588484922,0.9990610011497788,8.292535119458625e-05,0.9991046851965254,0.9989876449203361,0.4941550408018741,0.02726751100269243,11.27497002702682,13.0,8.0,5.0,1.966442681856007e-06,0.00019389357455472158,0.00020251552760763847,0.8308832602444913,20.25879998494484,22.768375957966782,1,True,transit,TIC_376682699.csv,2.0,9218.0,1.041022225379448,297.10766054402706,0.060329673451084,Success
12.55013295069123,9.675247899008381,8.0032e-05,2.7935249735863383,0.013016576624169884,1902.3951078221032,0.03916729602407837,0.9993304056837756,0.9993846451160119,7.698453575381194e-05,0.9993728460688092,0.9994003771789489,0.1259169166286385,0.023270891758728623,7.875012547531192,9.0,7.0,2.0,1.1959132323206907e-06,0.00014335853156433533,2.891734920118516e-05,-7.883372296781982,25.514408885143112,50.158481249934994,1,True,transit,TIC_135083444.csv,1.16271,6071.0,8.130945383261796,1015.5439470576066,0.0454984351920591,Success
8.871660457206401,8.560894939728684,0.000240096,4.898430546897965,0.040628411482777516,1356.059478677742,0.09578617359955828,0.9997588178193968,0.9997919230176632,1.2706201036023313e-05,0.9997634235951239,0.9998201416577146,1.5891445514350222,0.013966248192082312,16.48002864635308,6.0,6.0,0.0,6.403533321723573e-08,4.8180241932819044e-05,-7.883386946572202e-06,-0.022988952986440263,10.437402187073138,30.74805304198526,1,True,transit,TIC_207084429.csv,1.77,5883.0,1.4403529400012176,207.95074215040898,0.0353541880563977,Success
,,,,,,,,,,,,,,,,,,,,,,,55.16035754198674,1,True,transit,TIC_224313733.csv,,,,,,Required feature(s) not computable: ['FAP']
18.215184103151635,16.68979177397919,8.0032e-05,3.526158919810603,0.022852519088490286,1469.7030355997247,0.10845487323591765,0.9855008683370386,0.9877067640681725,0.0004979633489081718,0.9877935761533331,0.987619951983012,0.12329552501645313,0.10828745417831187,24.39344496802317,6.0,6.0,0.0,0.0001171611180867537,0.0009084157723266383,-0.001063109381879146,-0.8023695176990893,9.086736620800036,111.76425208291039,1,True,transit,TIC_403693875.csv,0.613,3965.0,0.5209221710396655,2275.2681043064495,0.0128727657014264,Success
,,,,,,,,,,,,,,,,,,,,,,,75.55928308400325,1,True,transit,TIC_12036590.csv,,,,,,Required feature(s) not computable: ['transit_shape_ratio']
,,,,,,,,,,,,,,,,,,,,,,,66.66730474994984,1,True,transit,TIC_41330864.csv,,,,,,Required feature(s) not computable: ['transit_shape_ratio']
12.04133383009825,10.798302209573627,8.0032e-05,5.807410408232357,0.014009919658140912,2393.397206030648,0.03851455661121051,0.9989267737137641,0.9989882697555239,0.00013764209398676118,0.9990114972299694,0.9989646199633612,0.12051760413782246,0.029461360440299504,7.466387628006474,5.0,4.0,1.0,2.0275819336105886e-06,3.5349060985635084e-05,8.1832112762803e-05,-2.9052454347080947,25.936343595943267,242.90661866602022,1,True,transit,TIC_24364065.csv,3.85,4974.4,5.8088748325558175,1274.8160682736209,0.0349288597252144,Success
11.34360466104556,7.911098541506067,8.0032e-05,5.773876872396366,0.04726614832861653,3101.2302969935404,0.10047354698214468,0.9938844210818598,0.9948098784767656,0.0005135946113986825,0.9951403311732123,0.9944747715169888,0.45920482524026834,0.07032762224080859,10.169269935005264,4.0,4.0,0.0,7.428636242845972e-05,0.001657525622604624,9.104285313721316e-05,-0.8651635328039122,9.89200093889872,60.46245708398055,1,True,transit,TIC_384386061.csv,1.0,5778.0,6.503204322556492,3373.0777431255633,0.0211149611355649,Success
,,,,,,,,,,,,,,,,,,,,,,,44.2102988329716,1,True,transit,TIC_219466803.csv,,,,,,Required feature(s) not computable: ['FAP']
28.20024209471951,21.760948756928176,8.0032e-05,9.718508917422037,0.02899672163763345,3369.170231755596,0.04369274027020285,0.9943466889976769,0.9952485588471999,0.0004714825752635797,0.9952309200141819,0.9952827340861715,0.0372734168750082,0.06761741841514535,72.7832032759975,3.0,3.0,0.0,3.69268056521171e-07,2.798935818476526e-05,1.0950100993945e-05,6.066225052790288,22.75770946954755,236.6432308339281,1,True,transit,TIC_341444900.csv,5.64,7527.0,9.72343272938704,9175.672298647574,0.0266259548220986,Success
,,,,,,,,,,,,,,,,,,,,,,,2.4208729589590803,1,True,transit,TIC_409520860.csv,,,,,,Required feature(s) not computable: ['FAP']
20.073391438476353,19.118351841941173,8.0032e-05,0.7235673131854391,0.0019009839511879845,2202.053347534615,0.06016601561250948,0.9965442866647041,0.9969039210583148,2.3313889773393977e-05,0.9969871273596901,0.9968208278089795,2.532977675850708,0.052865945181379125,100.99576961911626,36.0,34.0,2.0,1.2275206326942996e-06,0.00021245680994801146,0.002959879908763563,0.9777360526100465,16.563242164526955,329.51166520803235,1,True,transit,TIC_42755801.csv,3.83,9900.0,0.3617556182157271,2986.522944696368,0.0673088535700164,Success
19.738008845184776,16.600479956324275,8.0032e-05,3.778874556044831,0.012908070457464893,2856.1897348774455,0.04853998513145193,0.9957438420622761,0.9961168114143961,0.00012229602471392905,0.9958066931609598,0.9964269296678326,1.8349469700981367,0.058669990047163244,37.478937714262884,7.0,6.0,1.0,2.1872526156602228e-06,0.000396632402277778,0.0002927900243572257,1.4474985602609616,20.51388848524955,303.023779207957,1,True,transit,TIC_252636888.csv,3.22,5855.0,3.7813462934763273,3621.925922922431,0.0559734895123318,Success
6.323154312985683,5.865771062039509,0.031612645,3.0111540103937386,0.02360787893811689,2745.5522974549467,0.08588486395391952,0.9994240466474524,0.9994724888292534,9.890753564479862e-05,0.999291275277457,0.9996339734862979,1.2245351825258037,0.021582452916034427,5.456067546757956,8.0,8.0,0.0,4.377155538584872e-06,0.0003074884331705205,1.4773412482349535e-05,-0.7775539999069802,11.636789075938704,50.71618624997791,1,True,transit,TIC_289316336.csv,1.2,6171.0,11.341260784103822,254.72468448461962,0.2137121223516767,Success
,,,,,,,,,,,,,,,,,,,,,,,79.35010791604873,1,True,transit,TIC_229770036.csv,,,,,,Required feature(s) not computable: ['transit_shape_ratio']
,,,,,,,,,,,,,,,,,,,,,,,17.740637874929234,1,True,transit,TIC_161156159.csv,,,,,,Required feature(s) not computable: ['transit_shape_ratio']
,,,,,,,,,,,,,,,,,,,,,,,44.65408541599754,1,True,transit,TIC_326470400.csv,,,,,,Required feature(s) not computable: ['FAP']
12.336341312284214,11.900164507840053,8.0032e-05,1.3835623652528486,0.008368279375903231,2853.65872377564,0.08996921803249287,0.9992244478584765,0.9992716871183592,3.654951299435442e-05,0.99924894136878,0.9993013777791828,0.5015802518222535,0.02504451625520262,20.206388527747688,21.0,18.0,3.0,1.471564183929682e-06,0.0001666148115039251,0.0005395165684818348,1.798201171006148,11.106292459912247,45.19303774996661,1,True,transit,TIC_66783360.csv,1.38,6483.0,5.222724246434801,207.79884126564951,0.0273001299365234,Success
20.00415127842055,13.798946898096712,8.0032e-05,8.261641312562878,0.04994177725786564,1797.345154166981,0.09542730124661036,0.9472788793292668,0.9554621693531079,0.004765964476735705,0.9512382925388894,0.95974816200283,0.6340442546736602,0.206490208829512,10.956718286831924,2.0,2.0,0.0,0.0022461234300441787,0.004254934731970306,0.0003234534772765807,-0.7314995041934368,9.92670721014354,659.8328315840336,1,True,transit,TIC_51024887.csv,0.165066,2990.0,1.9774610128418384,17286.502426146155,0.0282482022768739,Success
13.026294032807238,9.018849095898881,8.0032e-05,2.9174948481389777,0.013643957988756839,2500.636175831308,0.02458668181347986,0.9969218895466803,0.9971756419081858,0.0001421079092321092,0.9967893120473714,0.9975565305033546,1.9613559129492277,0.04989410615616175,20.374519313102272,9.0,8.0,1.0,2.705985656206773e-06,0.0004403111577786244,0.00017931600819398597,-0.030922456661356172,40.547231916431656,80.46790745807812,1,True,transit,TIC_63013648.csv,1.03786,5509.85,1.4590732585193251,2728.5868311556214,0.0264598793399578,Success
,,,,,,,,,,,,,,,,,,,,,,,50.1066365839215,1,True,transit,TIC_387834907.csv,,,,,,"Required feature(s) not computable: ['period_uncertainty', 'depth_mean_odd', 'odd_even_mismatch', 'depth_consistency_std', 'transit_shape_ratio']"
12.75978161014922,11.771397364333136,8.0032e-05,7.05132890448383,0.06287124660956689,2965.4827355494654,0.0838499645874953,0.9863328670682454,0.9883691095201086,0.000601058858849323,0.9883658763280645,0.9883723427121526,0.003803646797830541,0.1051346458526233,96.36459512214303,4.0,4.0,0.0,2.9513861971569743e-06,0.0010092797001764638,0.00017057114087637437,-0.15274276264526604,11.763068379582107,45.92958975001238,1,True,transit,TIC_127476180.csv,1.48129,6711.0,7.035469566428013,18497.982695926617,0.0640870438855529,Success
13.812684408469485,13.389650291650458,8.0032e-05,1.8395358259142454,0.010453887568721898,2990.5882867969067,0.06107314477405885,0.9910612817936394,0.9918513576293502,0.0003574654562812952,0.992097842935976,0.9916039315391113,0.48875085883318425,0.0850246337798296,23.925954364483573,13.0,12.0,1.0,6.107268217591591e-05,0.0015782188714848421,0.001511817793929171,0.2941501597052359,16.227448012708166,69.8435722909635,1,True,transit,TIC_356461227.csv,1.0,5778.0,1.3364591369594083,59.70018213596884,0.0122226528092991,Success
,,,,,,,,,,,,,,,,,,,,,,,23.750365791958757,1,True,transit,TIC_375199523.csv,,,,,,Required feature(s) not computable: ['FAP']
,,,,,,,,,,,,,,,,,,,,,,,170.13386175001506,1,True,transit,TIC_122485078.csv,,,,,,Required feature(s) not computable: ['transit_shape_ratio']
,,,,,,,,,,,,,,,,,,,,,,,27.17694366595242,1,True,transit,TIC_355732304.csv,,,,,,Required feature(s) not computable: ['transit_shape_ratio']
18.22625514863963,18.103756960704157,8.0032e-05,0.6961712251935497,0.0023517711364414717,2062.4740262353134,0.020966767325256937,0.9941000469469063,0.9942854758294338,0.000171000265516156,0.9940848805732694,0.9944860710855983,0.8310667669678128,0.06907667501906481,40.000471179662,31.0,24.0,7.0,7.613929937859041e-06,0.0008454418909321137,0.0015599568268588326,0.3610237359475611,47.41312914506358,60.77396683394909,1,True,transit,TIC_219208037.csv,1.09813,4456.2,0.6958578028880166,5720.394625645553,0.0239839941586152,Success
13.041193644031546,11.768163753843133,8.0032e-05,1.0801400029462445,0.005177249781827431,3368.7169567769943,0.06358548037363493,0.9994809456108621,0.9995005570262308,3.86592809341469e-05,0.9995104155499435,0.999486014172928,0.22387039318600477,0.02048866118650222,12.920134417702723,25.0,18.0,7.0,1.1941969992566312e-06,0.00018441582336650876,0.0003691146153688152,0.8058248913435822,15.71869772372258,107.10122312500607,1,True,transit,TIC_274942910.csv,0.67,4349.3,2.326263629327585,54.61627123759527,0.0882212019787563,Success
,,,,,,,,,,,,,,,,,,,,,,,36.08196395798586,1,True,transit,TIC_207468071.csv,,,,,,"Required feature(s) not computable: ['depth_mean_odd', 'odd_even_mismatch']"
5.736809627426848,4.5238258398364275,0.087154862,5.958715958751769,0.03394184771271069,1523.2235422217973,0.03891524033218006,0.9995994766019044,0.9996152030064414,7.241657554280233e-05,0.9997864534130786,0.999246355976761,2.801833740045,0.017997869268605516,5.751319944905139,4.0,3.0,1.0,3.6496563962517366e-07,0.0002692299659297506,2.060110904222867e-05,0.49910864296796165,25.686581094433297,73.64197041699663,1,True,transit,TIC_37575651.csv,1.0,5778.0,0.9766061840762976,167.55737538520776,0.033766708208497,Success
16.420925311203586,15.58052001654334,8.0032e-05,2.667353329654219,0.014163275181891644,3237.6981316709116,0.08213650482896935,0.9886844974903453,0.9898696377372597,0.0001683495395358688,0.9899751189197651,0.9897650504630804,0.4421522906439318,0.09566301612788126,55.64094469438399,9.0,8.0,1.0,1.5076230209808987e-05,0.0003250878121477298,-0.0016636657868480675,0.6959426926607872,12.037089958345033,55.83694262499921,1,True,transit,TIC_4426490.csv,1.19683,5983.3,7.743704593955464,139.7980113215791,0.0567776271548723,Success
12.62291366344108,10.936713954886526,8.0032e-05,2.128878405885332,0.01243490729489194,3830.2005191627336,0.08107836216964673,0.9937004117288379,0.9944890837782746,0.00045602625387969824,0.9956310301260438,0.9935702763720233,1.5984601657029596,0.07137781177860747,13.34928639530538,12.0,11.0,1.0,0.00010762137814298815,0.0032078216653536624,0.001175044701837047,-0.5064648113386202,12.256049396380742,76.8739697500132,1,True,transit,TIC_327210623.csv,1.0,5778.0,6.961925778174777,17044.19122824363,0.0224243207855046,Success
7.7611602600955205,7.7486166158381415,0.002320928,5.3292790687792495,0.04902905053079376,3316.1630833333843,0.03279870912854644,0.9801858860853763,0.9831350724301342,0.000801307098897925,0.9835127441752621,0.9825685648124425,0.4205028953897786,0.12658856436681767,53.62183328745364,5.0,5.0,0.0,9.457869121834227e-06,0.0010722950186398963,8.574323360377445e-05,253.54066078628952,29.884892184133825,44.49375120794866,1,True,transit,TIC_302814895.csv,1.86,6521.0,1.065225255160791,19613.298459553953,0.0324404659087496,Success
,,,,,,,,,,,,,,,,,,,,,,,57.36032495799009,1,True,transit,TIC_13499636.csv,,,,,,Required feature(s) not computable: ['transit_shape_ratio']
14.684711389928578,14.732107572057853,8.0032e-05,0.6948898444841455,0.0018169311900708696,1410.9447842300262,0.023326543411031454,0.9975127336353137,0.997649691870479,0.0002014728055245965,0.9977496384223287,0.9975355287832367,0.37484103808960495,0.04485060392503166,31.08570105026505,37.0,30.0,7.0,3.419749251111622e-06,0.0005550865234467532,0.0001757603968366439,2.89481362933848,42.762989614808326,110.80229508306365,1,True,transit,TIC_251086776.csv,1.0,5778.0,0.3477773349526754,9391.703475953971,0.0066466055567953,Success
,,,,,,,,,,,,,,,,,,,,,,,28.451136416988447,1,True,transit,TIC_238197709.csv,,,,,,Required feature(s) not computable: ['transit_shape_ratio']
20.944514083016557,12.553629387464532,8.0032e-05,5.899665544748534,0.016751411967241392,3130.8374448505024,0.031144176579024484,0.9963566623261897,0.9960767021647532,0.00021545065647039934,0.9963946594780795,0.9954407875380996,1.5584843621449733,0.0542821272952165,25.253917721822948,4.0,3.0,1.0,9.088855304893931e-07,0.00045588817526777593,1.1441571414416707e-05,-1.3349750606271835,31.99174843483366,118.01636245800182,1,True,transit,TIC_152714791.csv,4.35,4982.0,5.900696211535695,3639.662578560854,0.0330470011308374,Success
,,,,,,,,,,,,,,,,,,,,,,,148.4026228749426,1,True,transit,TIC_299876474.csv,,,,,,Required feature(s) not computable: ['transit_shape_ratio']
,,,,,,,,,,,,,,,,,,,,,,,59.43885987496469,1,True,transit,TIC_378355116.csv,,,,,,Required feature(s) not computable: ['FAP']
5.935271353912161,5.558127690107519,0.063705482,7.117794992024808,0.05746266868721284,2969.6390493281224,0.0634759865510705,0.998611662269424,0.9987777075470776,0.00015256383341374555,0.9990152972387232,0.9981869439894718,1.807306089235602,0.033508478622631385,8.3711090102966,3.0,3.0,0.0,2.7384814120320175e-06,0.00039056903123318396,7.83813074179962e-05,-0.46520851466251656,15.732117238791977,62.846939707989804,1,True,transit,TIC_190081497.csv,1.34,6187.0,2.2180360605774414,180.97064013355978,0.0131587230767451,Success
,,,,,,,,,,,,,,,,,,,,,,,81.30509283405263,1,True,transit,TIC_229536616.csv,,,,,,Required feature(s) not computable: ['transit_shape_ratio']
10.195859842911199,9.805041396195719,8.0032e-05,4.453883960705759,0.04449864780270696,1328.771020286644,0.16720756175085844,0.9934234963256262,0.9940885899013995,0.00019858696349083906,0.9940491289668575,0.9941301341772062,0.14423125241711454,0.07292974253793717,27.569217297525345,6.0,6.0,0.0,2.9625950135030947e-05,0.000493308035025308,-0.0007030403026619947,0.3465391236600388,5.941259389966112,31.690330042038113,1,True,transit,TIC_260609205.csv,2.23892,6354.0,1.1034353274902835,7371.778103713144,0.0190907952633551,Success
,,,,,,,,,,,,,,,,,,,,,,,107.47351170796901,1,True,transit,TIC_466318137.csv,,,,,,Required feature(s) not computable: ['transit_shape_ratio']
23.075029770633673,21.921582644573565,8.0032e-05,1.3328776711997872,0.004094029342582628,2257.1544786450336,0.045990851807532505,0.9703942778895057,0.9713361088966104,0.0007562148378089393,0.9713492383899113,0.9713229225656762,0.012304133205010977,0.15473728625273953,40.65679444537278,18.0,14.0,4.0,0.00023215209818487522,0.002924415127124559,0.005728379210413248,1.1281649890281775,21.099723961419908,158.52928437502123,1,True,transit,TIC_176772671.csv,0.594491,3947.0,2.1592800707089617,977.2957277683903,0.0198798330499223,Success
,,,,,,,,,,,,,,,,,,,,,,,174.74965675000567,1,True,transit,TIC_418971787.csv,,,,,,Required feature(s) not computable: ['transit_shape_ratio']
,,,,,,,,,,,,,,,,,,,,,,,1.3988485839217901,1,True,transit,TIC_270333769.csv,,,,,,"Required feature(s) not computable: ['FAP', 'transit_shape_ratio']"
7.163154999449151,6.718594304107844,0.007362945,4.024597758651479,0.04888037167452253,2886.981420548839,0.07794931236686574,0.9993387430006548,0.9994295379512639,6.594781882807235e-05,0.9993968172533714,0.9994620638830971,0.35001991076360406,0.023125561576324997,8.34096223337678,6.0,6.0,0.0,1.5641248855831588e-06,0.00013835285058951875,5.481759701719824e-07,0.2988814624902576,12.820366372153504,23.102580791921355,1,True,transit,TIC_445137888.csv,2.67713,10310.0,5.820687717204344,426.6473694759521,0.0239866624889362,Success
11.424496761677654,11.071769207495015,8.0032e-05,1.9736461528547244,0.009426231328466206,2391.5881608222653,0.03923130570556244,0.9997682227136888,0.9997991971767882,1.9357129199745067e-05,0.9997953625825681,0.9998030317710084,0.1400829524026383,0.013691233702781183,10.26725895776353,14.0,14.0,0.0,1.4988486036005697e-07,9.195422761047639e-05,4.303362865576421e-05,0.2790660357957694,25.483939540965515,53.03879566700198,1,True,transit,TIC_305943739.csv,1.42,5821.4,0.9878621516295708,262.4987469566076,0.0268050178014051,Success
,,,,,,,,,,,,,,,,,,,,,,,159.2566789580742,1,True,transit,TIC_403693875.csv,,,,,,Required feature(s) not computable: ['transit_shape_ratio']
,,,,,,,,,,,,,,,,,,,,,,,32.05246337503195,1,True,transit,TIC_313891529.csv,,,,,,Required feature(s) not computable: ['FAP']
7.538322129043495,6.347088418232144,0.003841537,2.7762698520208806,0.022330196369046096,2257.6470231310655,0.047410166425843586,0.9994563063277719,0.9994665791631688,5.099871441356004e-05,0.9994904722222723,0.9994344875053534,0.38758973544090297,0.020969317046924674,10.375604374363483,9.0,7.0,2.0,6.307789604180469e-07,6.601798954492253e-05,-3.569742876852189e-07,0.38521711782757423,21.081054585435115,25.573042499949224,1,True,transit,TIC_180987952.csv,1.84,10585.0,10.892325360711528,2074.575051410399,0.0220374860598449,Success
,,,,,,,,,,,,,,,,,,,,,,,38.39435174991377,1,True,transit,TIC_146244533.csv,,,,,,"Required feature(s) not computable: ['depth_mean_odd', 'odd_even_mismatch', 'transit_shape_ratio']"
,,,,,,,,,,,,,,,,,,,,,,,403.60637941700406,1,True,transit,TIC_49967354.csv,,,,,,Required feature(s) not computable: ['transit_shape_ratio']
14.471650649698669,13.22015319832022,8.0032e-05,1.7218214293376568,0.011037553558617241,3098.842051792254,0.0863074864369331,0.9955005417435687,0.9956831611461727,0.0002821171737279965,0.9954138817436842,0.9960062964291594,0.7383574094353058,0.06032360122612703,15.075705706301413,14.0,11.0,3.0,5.571338461626565e-05,0.0009483245831883226,0.0015340013338648317,0.5468055355297213,11.534347515392007,53.54761516698636,1,True,transit,TIC_255918903.csv,1.13,5878.0,3.2532483556193235,101.72076893921744,0.0071243950863615,Success
11.24483818887092,10.956774752180443,8.0032e-05,1.8912569606502505,0.014761842281373005,2719.5280058533754,0.08512708073585222,0.9988182688803737,0.9989522041992519,4.525806857774735e-05,0.9989874906840521,0.9989167254175318,0.5532965407792598,0.03091480297523741,24.44367611728407,13.0,12.0,1.0,1.3610834109860403e-06,0.00015451746586118997,0.0003813214070842452,6.294342780090883,11.733261146117398,35.69051125005353,1,True,transit,TIC_374400599.csv,2.04,6904.3,8.01369290736928,229.73884141119782,0.0377375175781658,Success
27.638217165805546,26.950280298958933,8.0032e-05,0.9679803532101643,0.0014878749841562011,2256.3630614947647,0.022076950032727524,0.9894642880720098,0.9898558155484244,4.2383089440462365e-05,0.9898377212044438,0.9898732183888134,0.2988793712074551,0.09230794668804017,105.53875318695975,25.0,20.0,5.0,2.804631530659891e-06,9.35016975980763e-05,0.00023187228528898096,0.8662027229899891,44.81888515420829,290.59873929200694,1,True,transit,TIC_310483807.csv,6.04,10037.0,0.4839331025777229,9410.07565690577,0.0287775414718559,Success
19.68065418479715,19.6582617154476,8.0032e-05,0.9799391473481867,0.002940716777239172,2229.790598604148,0.03304213792419086,0.9820497842789434,0.9843695033481356,0.00023608154232893582,0.9844813544861214,0.9842580432980452,0.33456008291462486,0.12048749712897401,111.18730681959148,25.0,24.0,1.0,1.1830791940516264e-05,0.0006793371843517647,0.0008623009133024162,0.9012107293389457,29.72113325512038,131.49330004199874,1,True,transit,TIC_267527924.csv,1.0,5778.0,0.4897506042821728,17429.953640063166,0.0364452601506826,Success
15.750293805836696,14.226095720055365,8.0032e-05,3.0014225131983867,0.018091496795831663,2391.9256236188035,0.0992861708619839,0.9816998060998077,0.9844385502861973,0.000577097653847128,0.985389300941742,0.9832416833262027,1.3130142136178526,0.12165640886028382,28.95721947624157,9.0,9.0,0.0,0.0001783355541547433,0.001732289100455079,-0.000891104560389655,0.08704756932646353,9.88757847721263,111.45935991697479,1,True,transit,TIC_243333538.csv,1.04172,6126.0,1.4004998929851176,77.7347093587899,0.0249413023913324,Success
27.871013765511975,27.853941764004972,8.0032e-05,0.6649548522639189,0.0016156863815290357,2797.238449554895,0.04441887871097652,0.9929138100886066,0.9933531046570923,2.2014532618420796e-05,0.9933196320487999,0.9933886039272146,1.108511499961357,0.07570307847663418,303.69643949567404,41.0,33.0,8.0,5.327924872508321e-07,0.00031738767368332053,0.006207009946816777,-0.8675661097437614,22.353419061954927,132.3072630839888,1,True,transit,TIC_275111900.csv,1.0,5778.0,0.6648816933289062,6134.452648571043,0.0561492045446796,Success
,,,,,,,,,,,,,,,,,,,,,,,39.42939033394214,1,True,transit,TIC_446549905.csv,,,,,,Required feature(s) not computable: ['FAP']
12.757108693985597,9.995718397623751,8.0032e-05,5.663229191990716,0.04950825562771621,1330.0741463630911,0.10281231892765548,0.9795395109029265,0.9808316710196777,0.0006377826017765699,0.9812535116914668,0.9802242204523014,0.5687252921826353,0.128636777623113,33.102940724815376,5.0,5.0,0.0,9.71037108342943e-05,0.002393563000512589,-0.0021905365363998897,0.5402468354015973,9.527452751962393,103.26734170794953,1,True,transit,TIC_260271203.csv,1.21025,5963.0,0.9975519226136144,7706.731525216393,0.0117531307239104,Success
,,,,,,,,,,,,,,,,,,,,,,,71.95400074997451,1,True,transit,TIC_233503636.csv,,,,,,Required feature(s) not computable: ['FAP']
14.658951514867631,14.36749735972136,8.0032e-05,1.2911222015273787,0.008014106038683022,3015.0161501033895,0.10656622855580213,0.9945173235819753,0.9953124220724633,0.00018366981389902757,0.9957618816169315,0.9948176635948485,1.8184072312109671,0.06658914741215319,26.073714538545907,21.0,21.0,0.0,5.258465029068937e-05,0.0010702622242506165,0.0038991192990988077,-0.20031044965644929,9.332387352539255,112.91502900002524,1,True,transit,TIC_469184909.csv,1.0,5778.0,8.774514376016086,10662.759977217773,0.0020708854642532,Success
16.025858955377668,15.884400939881,8.0032e-05,1.092143937145958,0.00450578120668943,1870.639257023871,0.03437525473235983,0.9993355192366611,0.9994218820272647,3.0590581031787886e-05,0.999428509209149,0.9994140766797125,0.16683348360952743,0.023181863974890964,19.63251040085365,25.0,24.0,1.0,5.128460991347773e-07,0.00010603205253545219,0.00010925101696157569,1.1298818829168866,29.071363311118002,58.554793208953924,1,True,transit,TIC_457138169.csv,1.4487799,6273.0,2.630542171698869,246.62369308514621,0.0109399789983895,Success
10.710460641771894,8.865538792710453,8.0032e-05,1.9563633029765521,0.00859127791995562,3313.1406088587446,0.07381682350178674,0.9885895392551602,0.9894361456946345,0.0012402181352371292,0.992201708440068,0.9861070343142818,1.7354674928584652,0.09606357336362807,8.62779023784925,14.0,11.0,3.0,0.0008727632310081342,0.00489598774616413,0.002850263630125971,0.37764167763142825,13.392469255077488,196.67442441696767,1,True,transit,TIC_298049015.csv,0.62,3773.0,0.8793746659194114,10051.634616230376,0.0462349187655497,Success
8.01620869419383,7.337280930941349,0.001280512,0.9775167635866265,0.00369776847601222,2061.926340407344,0.021231822659751244,0.9988391640014163,0.9989093573114034,0.00016394830324441075,0.9986772760521389,0.9991718754571288,1.0806255771089406,0.030640269480776465,6.499442213806093,23.0,17.0,6.0,7.4345426416524175e-06,0.0007029659880486509,0.00022344631542448035,-1.052271366597701,47.04443796504086,63.10111791698728,1,True,transit,TIC_219208037.csv,1.09813,4456.2,3.370083070424424,2250.940468728757,0.0248608797406424,Success
10.111540134047038,9.902276680645231,8.0032e-05,4.770977625917533,0.027021869317141345,3015.7046768367127,0.09821292222946483,0.9961340748537879,0.9966506973850425,0.00042297757687806837,0.9970776677014589,0.9962196412282774,0.7180776530814972,0.05591571301520735,8.139875714908541,6.0,6.0,0.0,7.093319616365149e-05,0.0007219413745390205,-0.0002863734327538392,1.409973318134168,10.142596842057287,94.02932791702915,1,True,transit,TIC_389999924.csv,1.1804399,6213.0,3.6657496743177616,197.62696434399984,0.0414334221388972,Success
,,,,,,,,,,,,,,,,,,,,,,,29.91606162500102,1,True,transit,TIC_82302240.csv,,,,,,Required feature(s) not computable: ['FAP']
15.567451178251245,14.98297870308947,8.0032e-05,0.8941495590367013,0.004177151096476983,1518.3428851208512,0.04871477702861422,0.9985849679801755,0.9986580203990474,0.00010174180803411375,0.9988153696786531,0.9984792143994956,1.1962351342173658,0.033829087277564486,15.465831259500941,27.0,20.0,7.0,4.00735550913719e-07,0.000345237677989308,0.0010782037690562074,0.6293396706337928,20.498604918044144,3.9217138329986483,1,True,transit,TIC_383666033.csv,1.03,6138.0,0.8929742636173246,1620.4673923323476,0.0596878532220881,Success
,,,,,,,,,,,,,,,,,,,,,,,17.493755500065163,1,True,transit,TIC_420288086.csv,,,,,,Required feature(s) not computable: ['transit_shape_ratio']
,,,,,,,,,,,,,,,,,,,,,,,32.80924795893952,1,True,transit,TIC_249812036.csv,,,,,,Required feature(s) not computable: ['transit_shape_ratio']
10.549216169329629,10.148701641576505,8.0032e-05,10.234667347731898,0.1439733678131656,2233.4047252834084,0.0357315750722845,0.9965222921236155,0.9969525345156488,0.00012862543189990172,0.9970780582654887,0.9966889346409851,1.2252508851573616,0.0530339159880348,40.83206729927622,3.0,3.0,0.0,3.1748750466660383e-07,0.00019174651495789573,3.186911909858203e-05,0.01907521778917549,27.88912299857099,24.827660707989708,1,True,transit,TIC_238597883.csv,2.15,9219.0,5.1194574419602805,3030.7629268732094,0.0378395438152073,Success
,,,,,,,,,,,,,,,,,,,,,,,58.645932249957696,1,True,transit,TIC_260476837.csv,,,,,,Required feature(s) not computable: ['transit_shape_ratio']
,,,,,,,,,,,,,,,,,,,,,,,114.88435229100287,1,True,transit,TIC_441798995.csv,,,,,,"Required feature(s) not computable: ['FAP', 'transit_shape_ratio']"
,,,,,,,,,,,,,,,,,,,,,,,57.378858000040054,1,True,transit,TIC_267527924.csv,,,,,,Required feature(s) not computable: ['transit_shape_ratio']
7.746603119181262,7.534644272779392,0.002480992,7.73085051365218,0.10651460430311444,2422.7475100996708,0.04677945443883528,0.9986221554441759,0.9988219569329585,0.00014009600200012634,0.9987921205375038,0.9988517933284136,0.15071179872437004,0.03338160847716541,9.140895954438419,4.0,4.0,0.0,2.25503765962322e-06,0.00012838272963471706,2.554284034772536e-05,-0.31372505283508956,21.347451940678077,32.087935041985475,1,True,transit,TIC_92783821.csv,2.45,7396.0,0.5029667486490655,326.04247625644956,0.0366650055470727,Success
,,,,,,,,,,,,,,,,,,,,,,,37.661740624927916,1,True,transit,TIC_253132689.csv,,,,,,Required feature(s) not computable: ['transit_shape_ratio']
13.754533388917075,12.809094898891292,8.0032e-05,1.4116047564521454,0.005869367790486524,2797.709360899309,0.0814559897212742,0.9995896499988405,0.9996350634199731,3.075293377814816e-05,0.99964679662555,0.9996204343594032,0.30201315760863484,0.01821731493491185,11.878224856540877,19.0,18.0,1.0,9.986999775614798e-07,0.000115280244938341,0.00019474162986599097,1.3521204242320035,12.271530349324005,221.43516579200514,1,True,transit,TIC_274170255.csv,3.84,5197.0,0.8754316518773206,1582.4481529423952,0.0005847905279622,Success
8.789446628095048,7.573790511426508,0.000240096,6.841644137762428,0.09159855932405225,2395.815953392581,0.07047539576211906,0.9937150690171377,0.9947452923002978,0.0006700671805526894,0.994848372174737,0.9946422124258586,0.10878550811786986,0.07129472583852114,46.22920391516308,4.0,4.0,0.0,2.7650355700468806e-06,0.00019779085928193458,6.881843053196945e-07,0.0020676448678515155,14.100170112861791,24.604184707975946,1,True,transit,TIC_421308357.csv,2.63,6423.0,6.824997063997923,22854.688264846045,0.0197644274900738,Success
13.08805494254467,12.09616512550752,8.0032e-05,3.9989446604557446,0.019950819486127536,3314.6296766967153,0.04358969094961125,0.9973820009285922,0.997793898603036,0.0002623679847989166,0.998080308130242,0.9974099879601857,0.9066364177216062,0.04601420160125636,9.104631197246741,7.0,7.0,0.0,1.289666716511394e-05,0.0007104845316480385,5.9027632345221015e-05,2.841942086050816,22.881144123768724,78.93323962506838,1,True,transit,TIC_274122380.csv,1.11,5856.0,4.005535830083121,2976.191802681161,0.0267698439269333,Success
6.952209984503834,6.56179284413161,0.010404162,5.311739638675036,0.07256948045380085,2393.1869344346633,0.07464007539876845,0.9993447706892398,0.9994453135467387,3.0483988502908196e-05,0.9994220899293194,0.9994797189058786,0.6544183902746168,0.023019919745240994,18.321448818810254,5.0,5.0,0.0,2.432900970099952e-07,5.700351870825192e-05,6.829996345758538e-05,0.12741324632202125,13.388849962304953,18.22722112503834,1,True,transit,TIC_288391628.csv,2.92,6259.0,2.6585413031948217,523.2143269422452,0.0815714108954177,Success
11.79245272655738,10.763713409288535,8.0032e-05,5.406227891142389,0.05641002437568554,2475.475213235254,0.04243824434954086,0.9908051685312443,0.9918526238369982,0.0009499257096547979,0.9922812290613355,0.9914240186126607,0.32061287360869767,0.08623409969586358,23.139932740443736,5.0,4.0,1.0,2.748677575134165e-06,0.0006600597094773309,0.00019216919531483967,0.31251358021760783,23.34698769276406,4.037771791918203,1,True,transit,TIC_5800958.csv,1.91,8064.0,5.401086666026123,9922.366721154429,0.0441121411869692,Success
,,,,,,,,,,,,,,,,,,,,,,,25.774399500107393,1,True,transit,TIC_350445771.csv,,,,,,Required feature(s) not computable: ['transit_shape_ratio']
9.275031151349227,7.938707724049228,8.0032e-05,2.153127157718239,0.008661178094683697,3668.196080786273,0.03967258725929852,0.9974946467215945,0.997551151958319,0.00032959656636493497,0.9976075577637432,0.9974942513651281,0.12154934781110599,0.04501338094289803,7.3106004443389825,10.0,8.0,2.0,2.5686652099785626e-05,0.0007712785352654302,0.00025827193773342305,-40.05808672816257,25.14317103147338,54.9479635420721,1,True,transit,TIC_4999813.csv,0.94,6163.0,2.1513282218892815,1928.2434472107645,0.0437704330811803,Success
,,,,,,,,,,,,,,,,,,,,,,,40.164785207947716,1,True,transit,TIC_160268701.csv,,,,,,Required feature(s) not computable: ['FAP']
17.442055928365566,15.44810857125646,8.0032e-05,3.002941729713188,0.01427515394623069,3286.071426721855,0.030131747965554186,0.9932067416389644,0.9937730531798534,0.0003282281816077028,0.9937953294840485,0.9937432372034688,0.05598054843520429,0.07412184360556308,19.571012192293928,9.0,7.0,2.0,1.53490527325128e-05,0.0007326375419202058,-0.00021695302399082905,1.4437281907651955,32.96213491412353,38.89680483401753,1,True,transit,TIC_353586703.csv,1.17,6405.0,10.49093527456009,1345.8487112454343,0.0406556072892986,Success
,,,,,,,,,,,,,,,,,,,,,,,57.97801200009417,1,True,transit,TIC_139853601.csv,,,,,,Required feature(s) not computable: ['transit_shape_ratio']
,,,,,,,,,,,,,,,,,,,,,,,49.92172641702928,1,True,transit,TIC_356158613.csv,,,,,,Required feature(s) not computable: ['transit_shape_ratio']
24.670647232080647,24.58774195471099,8.0032e-05,0.6260492302745447,0.0015582183295335117,2281.903220070654,0.01968355637327323,0.9992218764702023,0.9993120770437636,4.9305857454253125e-05,0.9994243623712896,0.9992024152051986,1.6007791044181567,0.02508600017387916,14.686312333416536,39.0,36.0,3.0,9.52024389010673e-07,0.000276079609643954,-1.4157412548954085e-06,-0.3934916653823424,50.764295715736004,36.89607154100668,1,True,transit,TIC_370745311.csv,0.93,5622.0,2.129785845379607,163.5706082824262,0.0274315635126408,Success
11.639497609257617,11.325653621660914,8.0032e-05,4.5453567451506425,0.030633835567899226,1355.2179888247178,0.03224955816737346,0.996898312617112,0.9974981384600125,0.0005510570268437094,0.9985831313724903,0.9959158571293156,1.744227324253478,0.05008482475671289,8.931723790590256,6.0,4.0,2.0,4.601261357650236e-06,0.0033835639501820893,-7.086158255420472e-05,-0.7357039128895622,30.911999086724347,51.32422374992166,1,True,transit,TIC_9727392.csv,1.47459,6421.5,0.5180457437008341,713.935914760211,0.030077134814145,Success
7.23156946240156,7.200926428294428,0.006402561,2.095943477135147,0.019957373356223274,2475.096196890044,0.11788123143113834,0.9992247894877307,0.9993276742172934,4.247702574245271e-05,0.9993154174331035,0.9993424170473334,0.22623168155962434,0.025038999616553342,15.16725585012595,12.0,11.0,1.0,1.8281524500531365e-06,0.00011602937762530574,0.00043940693024169253,1.103015795987746,8.476538439212346,29.76929900003597,1,True,transit,TIC_312221462.csv,1.58,8158.9,1.050907207103995,847.8083387484237,0.1099152693490464,Success
14.160472935711773,12.928259852916565,8.0032e-05,6.894935355467479,0.05241228957459443,2336.789949087366,0.17863132210237262,0.998023833983223,0.9982690809508421,6.553509595952974e-05,0.998344772349258,0.9981909078672324,0.8312754253206238,0.03997779716378048,25.73097677499997,4.0,4.0,0.0,2.1937934583622686e-06,9.03837509867895e-05,2.113113799007138e-05,0.43485285527850037,5.587059549451586,32.87475100008305,1,True,transit,TIC_394509844.csv,1.41,5488.0,7.098213172997003,303.92668397505315,0.1149290417066335,Success
21.286337249374494,19.345307803019203,8.0032e-05,2.6974536439899692,0.006789479242347074,2827.5163369605043,0.031243515284665214,0.9993343518949696,0.9994456935234803,6.261796049137648e-05,0.9994797501390998,0.9994116369078608,0.385041874137207,0.023202217672959075,12.21896616024407,10.0,10.0,0.0,2.8202521930442614e-07,0.00019514703384763613,4.0105250863953223e-05,0.47272285921318324,31.985336566319663,104.69424400001299,1,True,transit,TIC_314338017.csv,6.79,8522.0,2.6982294882001914,1045.8006657324547,0.0163581483896865,Success
,,,,,,,,,,,,,,,,,,,,,,,43.85323354101274,1,True,transit,TIC_300871545.csv,,,,,,Required feature(s) not computable: ['transit_shape_ratio']
7.706415207272045,7.6972980012350085,0.002641056,2.618843287405072,0.028910038713070074,2911.8870664742053,0.017401128059424058,0.9988267232950913,0.9986228920787482,0.0002113437479599531,0.9987121895648053,0.9985097819297432,0.3329085352395064,0.030804018164761332,14.016257381261111,10.0,9.0,1.0,6.320639965954156e-07,0.0015395664221813268,-2.552425446289419e-05,1.1243201561193803,57.40011336530273,27.751339999958873,1,True,transit,TIC_339538183.csv,1.78,7235.0,1.0620860096528772,94.65367137762027,0.0626134637274803,Success
7.5100883045764535,4.490770061200406,0.003921569,7.5676383568289785,0.04410560123949869,1410.9164612614125,0.028824301221255438,0.9910592252769196,0.9920986529600305,0.0012038918204490098,0.990288744535209,0.9942376356439103,1.2265435597522143,0.08503441395865138,11.018033563017108,4.0,4.0,0.0,3.725609782281503e-05,0.008417384615495082,0.0002027290303944218,-2.291503248734222,34.38276673802239,61.4601326250704,1,True,transit,TIC_150247134.csv,1.0,5778.0,6.410492023527789,15919.470952592606,0.0061539681317604,Success
12.935187205418517,12.204806294678656,8.0032e-05,1.392289190896066,0.008862074432185896,3015.022809671024,0.10707637033492402,0.9989779391475306,0.9990736544122457,6.852067920117774e-05,0.9990113733214171,0.999149786979444,0.7141764768384437,0.028750508072634094,13.51237709815574,19.0,18.0,1.0,6.438148120257203e-06,0.00023876255106956124,0.0007583137270595897,0.7766285897624527,9.329583511495851,66.36733224999625,1,True,transit,TIC_464067218.csv,1.0,5778.0,2.69575717755073,274.59200663682014,0.0200689388406013,Success
,,,,,,,,,,,,,,,,,,,,,,,32.16627279098611,1,True,transit,TIC_175310067.csv,,,,,,"Required feature(s) not computable: ['FAP', 'transit_shape_ratio']"
,,,,,,,,,,,,,,,,,,,,,,,16.729646916035563,1,True,transit,TIC_64531556.csv,,,,,,Required feature(s) not computable: ['transit_shape_ratio']
17.04907981146982,16.923802552945887,8.0032e-05,1.2531539093024124,0.004639866363989609,2718.904328478097,0.0343570371638448,0.9971445296141027,0.9975009311587976,0.00012016630488362017,0.9974209805084299,0.997574731759137,0.45436062290321694,0.04805581832197251,22.248771332417963,20.0,20.0,0.0,5.985947765249839e-06,0.0005876258977450114,0.0005393254377743517,0.6068716926518296,29.023006985696526,67.8292062919354,1,True,transit,TIC_461538935.csv,1.11,6655.0,0.6269373422271045,2626.814273446798,0.0332621637861666,Success
9.726442956492418,8.794913730490844,8.0032e-05,2.760638739202713,0.01925057076644121,3367.753375246479,0.0497900168035284,0.9978452534328589,0.9979373846872022,0.00022527347879606598,0.997953188915689,0.9979178489047666,0.05482613174230226,0.04174507499304992,9.555235246470879,10.0,9.0,1.0,1.4958905575383552e-05,0.0008353397956554841,-0.00011511662869345685,-1.2588765700205786,20.041070830933037,34.359340625000186,1,True,transit,TIC_199162630.csv,1.78,7776.0,0.6053069076110814,328.0403537647691,0.021796121453851,Success
9.549235698767713,9.394816710454336,8.0032e-05,3.0583539130788684,0.030066245622638377,2964.278795780265,0.09935474833447523,0.995882846576776,0.9965001039139683,0.0005216934082960559,0.9960971534417337,0.9968023167681442,0.4823043358212432,0.05770396720358533,6.526761702191767,8.0,7.0,1.0,0.0001426544178640647,0.0005550839940350682,1.3912069085963985e-05,0.05323941259569384,10.02350530066426,60.42099766607862,1,True,transit,TIC_131581522.csv,1.08,5657.0,1.203254530061461,850.5923801419568,0.0969739387126517,Success
,,,,,,,,,,,,,,,,,,,,,,,26.53182845900301,1,True,transit,TIC_13023738.csv,,,,,,Required feature(s) not computable: ['FAP']
10.850696627762376,9.86260131097024,8.0032e-05,8.315909023812663,0.11018391734720545,2231.9683466407682,0.08526274854535126,0.9972273660264357,0.9976279686529544,9.04468695853206e-05,0.9976792210135272,0.9975234540353161,0.6101457611286755,0.047353645330852144,40.163171859455275,3.0,3.0,0.0,4.956377462909719e-07,8.446370080371495e-05,9.753361384412518e-05,0.518964993597236,11.695932667429908,14.963309582904913,1,True,transit,TIC_50365310.csv,2.16986,10249.0,8.325778233653576,2692.9974992332404,0.0841531744674215,Success
8.44728473324224,8.47687672416807,0.000720288,1.8987723834617871,0.012080993644700944,3042.0495517013724,0.03061432949057212,0.9980741426858862,0.9983673642839148,7.313886170337688e-05,0.9983083748022776,0.9984356678942313,0.61737591571291,0.03946564458854699,27.58001718198571,13.0,13.0,0.0,1.0203493082276148e-06,0.00011192094802058238,0.00016888286405980502,0.13652599966035128,32.601535271032134,40.89255479199346,1,True,transit,TIC_178959058.csv,1.68,6793.0,0.4750516564835902,1989.5862214367455,0.0275210532283221,Success
11.271220660677159,11.275532258476888,8.0032e-05,1.6001516646417726,0.010476892719085917,1544.3272830057492,0.038342371723617236,0.9844447590872739,0.9867306159765243,0.0003450113582001776,0.9867228448036909,0.9867384226341654,0.015964020365276808,0.11216194135341641,67.90687296830559,16.0,16.0,0.0,1.8395891839231215e-05,0.0008204759337083325,0.00021012003868436935,0.26605851979375345,25.67511384489809,32.751537917065434,1,True,transit,TIC_373424049.csv,1.82039,8688.0,0.3997456451341161,16259.226365618051,0.0352033271021201,Success
,,,,,,,,,,,,,,,,,,,,,,,39.05910341604613,1,True,transit,TIC_96097215.csv,,,,,,Required feature(s) not computable: ['FAP']
,,,,,,,,,,,,,,,,,,,,,,,3.359153291909024,1,True,transit,TIC_79395355.csv,,,,,,Required feature(s) not computable: ['transit_shape_ratio']
,,,,,,,,,,,,,,,,,,,,,,,1.7210917919874191,1,True,transit,TIC_425220920.csv,,,,,,"Required feature(s) not computable: ['FAP', 'transit_shape_ratio']"
12.848553830113543,12.354732897488788,8.0032e-05,2.655903417654031,0.015446614037357476,3369.4177740633013,0.08819235182725253,0.9993644530802243,0.999460854930733,3.176580967024724e-05,0.9993600116372856,0.9995620163418257,2.267097627256377,0.022671536590373218,17.976779468587306,10.0,10.0,0.0,5.718246168541788e-07,0.00013418956868074282,4.583999999996369e-05,1.1664038836690078,11.33164534536665,78.84362866601441,1,True,transit,TIC_387664868.csv,1.0,5778.0,0.3722842008475832,141.09903288617164,0.0745855660511206,Success
,,,,,,,,,,,,,,,,,,,,,,,2.859027082915418,1,True,transit,TIC_320506985.csv,,,,,,Required feature(s) not computable: ['transit_shape_ratio']
,,,,,,,,,,,,,,,,,,,,,,,44.12283804197796,1,True,transit,TIC_53427308.csv,,,,,,"Required feature(s) not computable: ['depth_mean_odd', 'odd_even_mismatch']"
,,,,,,,,,,,,,,,,,,,,,,,60.4737621670356,1,True,transit,TIC_458857720.csv,,,,,,Required feature(s) not computable: ['transit_shape_ratio']
,,,,,,,,,,,,,,,,,,,,,,,38.43989129096735,1,True,transit,TIC_307111282.csv,,,,,,Required feature(s) not computable: ['FAP']
,,,,,,,,,,,,,,,,,,,,,,,52.514437832986005,1,True,transit,TIC_198457103.csv,,,,,,Required feature(s) not computable: ['transit_shape_ratio']
,,,,,,,,,,,,,,,,,,,,,,,24.825966957956553,1,True,transit,TIC_363260203.csv,,,,,,Required feature(s) not computable: ['transit_shape_ratio']
,,,,,,,,,,,,,,,,,,,,,,,72.09426020900719,1,True,transit,TIC_393911494.csv,,,,,,Required feature(s) not computable: ['transit_shape_ratio']
8.15550966039395,7.78398447810455,0.001120448,4.190539497669743,0.05069370642463156,2362.871453205548,0.10362290378284772,0.9985927166311349,0.9986966297172563,0.00013641870743340897,0.9986172388997765,0.9988559441764944,0.6072942725384327,0.03373633685760265,9.520096482449214,7.0,6.0,1.0,8.385741661894512e-06,0.00017412403035820684,4.683180738840331e-05,0.6739726001315999,9.636795343274562,21.15959841699805,1,True,transit,TIC_407146536.csv,2.7729599,5914.8,3.630515816557272,357.7824940650398,0.0111509223718523,Success
10.66985735874115,6.57530247479706,8.0032e-05,1.5068965718545853,0.0083716982008476,2037.5277228530415,0.0889849469536316,0.9995321201302496,0.9995513514075022,3.704408557857324e-05,0.9996214807662631,0.9994535538251671,1.5836004713623681,0.01945245086513845,12.339516174148734,13.0,10.0,3.0,8.107269180553714e-07,0.00019169141984520276,0.00024972445709114943,-29.137010084205553,11.232597808380863,24.34423649997916,1,True,transit,TIC_341186896.csv,1.3,6635.0,11.193193265522456,1219.3253212730015,0.0378158617800132,Success
20.094105717193646,19.253764207337177,8.0032e-05,0.4177822842273946,0.0013289913417616483,1491.9864890677486,0.04695208222967126,0.9769862010952706,0.9797188693698228,0.0014373553787446795,0.9805787894282576,0.9788541772799869,0.42432687038781886,0.13642730615313023,13.838998997875796,58.0,54.0,4.0,0.003923052344416249,0.007679515570774607,0.021227243116114014,2.433816430193522,20.808154925190227,289.60556833294686,1,True,transit,TIC_146463781.csv,0.275,3278.0,6.694655359959504,696.9100324976107,0.0757186997397281,Success
,,,,,,,,,,,,,,,,,,,,,,,88.57629995804746,1,True,transit,TIC_176957796.csv,,,,,,Required feature(s) not computable: ['transit_shape_ratio']
16.57679145531382,16.62336554955738,8.0032e-05,1.050533247940472,0.0034531865608380397,3396.314432173848,0.013997642275684835,0.9932590896412189,0.9929287865201775,0.00029827330642517315,0.9930154016140551,0.9928410887376262,0.20666446073271486,0.07383570445701874,38.174416512835464,26.0,16.0,10.0,5.9446730764849545e-06,0.0011897946456732435,0.00037272434845148084,0.11178957047628187,70.95902796191608,68.87675579206552,1,True,transit,TIC_252537013.csv,1.2,5940.0,0.26274216178526,8232.16331108123,0.0173624543905793,Success
,,,,,,,,,,,,,,,,,,,,,,,85.495010582963,1,True,transit,TIC_434718964.csv,,,,,,Required feature(s) not computable: ['transit_shape_ratio']
8.808117032576392,8.840636715581985,0.000240096,1.7774345810387286,0.015908342119002383,2256.160949495702,0.08706005392008095,0.9939187489662605,0.9944065768336325,8.514848239226552e-05,0.99445652447081,0.9943564963569944,0.4159063234898176,0.07012996345027418,64.33597726160473,14.0,12.0,2.0,6.057400328157771e-06,0.00040514187212900446,0.003134955606123646,-0.38738509554790446,11.41647293118672,37.76907754200511,1,True,transit,TIC_146244533.csv,1.58,8072.0,0.5932820675917891,5909.032642072431,0.133314057668712,Success
,,,,,,,,,,,,,,,,,,,,,,,157.46914966602344,1,True,transit,TIC_4294779.csv,,,,,,Required feature(s) not computable: ['transit_shape_ratio']
,,,,,,,,,,,,,,,,,,,,,,,65.03493287495803,1,True,transit,TIC_318746829.csv,,,,,,Required feature(s) not computable: ['transit_shape_ratio']
,,,,,,,,,,,,,,,,,,,,,,,39.506694708019495,1,True,transit,TIC_146244533.csv,,,,,,Required feature(s) not computable: ['transit_shape_ratio']
6.343989063392128,6.290885479889916,0.030012005,5.514418353100155,0.06928334241483514,2205.0520611024494,0.16699741826455974,0.9988190494705909,0.9990006621862667,5.631770062753892e-05,0.9990056578222818,0.9989931687322439,0.07953765954168139,0.03090459093176357,17.52737474064636,5.0,5.0,0.0,1.9282588487810292e-06,7.430482486542848e-05,-7.179419455272118e-05,0.5049819793763932,5.981044855964463,17.93777412502095,1,True,transit,TIC_157568289.csv,2.43,5710.5,2.9878881192681503,983.6934698703725,0.0156502569782072,Success
,,,,,,,,,,,,,,,,,,,,,,,165.72635429201182,1,True,transit,TIC_42015200.csv,,,,,,Required feature(s) not computable: ['transit_shape_ratio']
11.224458736056022,10.778164575624608,8.0032e-05,1.073603130065774,0.0045020848038507255,2610.1478557904493,0.06285194853385068,0.9936892716654195,0.9940560780532511,0.00022432603982885244,0.997931214525463,0.989888153492028,15.633622590539087,0.07144089543526137,31.69189371702384,25.0,21.0,4.0,3.4267389562862494e-05,0.004190428392301752,0.003432742454819726,3.594061189361289,15.809999448628714,52.94950670807157,1,True,transit,TIC_156816238.csv,1.41,6046.0,0.3712044740842732,3444.110238327802,0.080363203010425,Success
5.787205101947472,5.671217430019111,0.079791917,4.148459347391187,0.03924666094356111,3238.0598823372416,0.0587870416276301,0.9980528011752836,0.9983304838633443,0.0002927786779505766,0.9987928315178941,0.9978681362087947,1.1232646677502884,0.03968371264750036,5.343864536250506,6.0,6.0,0.0,2.4728858109176826e-05,0.000789161327364536,-0.0001839480012000294,1.1495358733805603,16.977428588721423,20.12223537499085,1,True,transit,TIC_307377219.csv,1.88,6005.0,3.273345098737173,89.27864219798742,0.1792518370295271,Success
,,,,,,,,,,,,,,,,,,,,,,,86.93692908401135,1,True,transit,TIC_189013222.csv,,,,,,"Required feature(s) not computable: ['period_uncertainty', 'depth_mean_even', 'odd_even_mismatch', 'depth_consistency_std', 'transit_shape_ratio']"
10.40147958391766,9.899103903402338,8.0032e-05,2.2908475256277088,0.015475946888729775,2883.490941040378,0.0961767700368987,0.995801504090475,0.9964263739323495,0.00024394397797543058,0.9962851768797997,0.9965672315689077,0.40890953040553046,0.05827120701365617,16.147315375983514,12.0,12.0,0.0,4.102142884042796e-05,0.0008465130452710763,0.0003972226637715126,0.43767233090773566,10.35386719379774,28.753087165998295,1,True,transit,TIC_284305328.csv,1.87,6620.0,4.2874818214002675,6211.580609795209,0.0264586358355184,Success
,,,,,,,,,,,,,,,,,,,,,,,10.966027000104077,1,True,transit,TIC_280212554.csv,,,,,,Required feature(s) not computable: ['FAP']
,,,,,,,,,,,,,,,,,,,,,,,100.7449152499903,1,True,transit,TIC_233059608.csv,,,,,,"Required feature(s) not computable: ['FAP', 'transit_shape_ratio']"
11.110369987762352,11.082607484711524,8.0032e-05,1.1265385324222947,0.0051113133258232635,2202.113005846221,0.02158925588394454,0.9927948213886709,0.993394987921133,0.00042706663020124035,0.9880322655199506,0.9997969976093664,18.80747018062185,0.07633602165368844,37.649432459503984,23.0,22.0,1.0,9.506907092065639e-06,0.005921183623202667,0.00028418436293820015,-0.13251185285721678,45.98559703611604,43.74616983404849,1,True,transit,TIC_282498590.csv,1.49,6519.0,0.751043834772468,13516.154801090363,0.0205163130742091,Success
10.69179454605108,9.713233927741808,8.0032e-05,1.5281230480938117,0.00815905190892885,2965.3526737919888,0.06999575330594146,0.9973105123419945,0.9974593009592214,0.00020613876558144034,0.9985324695424466,0.9960248322863102,4.369141918811787,0.04663821548271253,12.34248120467016,15.0,14.0,1.0,2.968738309951552e-05,0.0014691619980966156,0.0009197328652306158,0.726519970219636,14.248157427249799,52.92310941591859,1,True,transit,TIC_132534906.csv,0.98,6783.0,1.6306140712021615,6698.840395929051,0.0127337179121635,Success
9.772288118856176,9.104176154873366,8.0032e-05,3.7151246161763494,0.03457764899201954,2282.989459186473,0.1116517564218661,0.9971772464293206,0.9973634051731132,6.563314956586467e-05,0.9973271460183155,0.9974350226341421,0.6235322825811401,0.04777972321274965,51.3633762141165,7.0,6.0,1.0,1.2040300538337562e-06,0.00041893569842652684,-0.0008389502123486992,0.776678090003915,8.93113801686716,19.24393933394458,1,True,transit,TIC_54044474.csv,1.9,7013.8,2.9356131221389288,1012.5571709111991,0.0612195557055994,Success
,,,,,,,,,,,,,,,,,,,,,,,52.008422833052464,1,True,transit,TIC_260476837.csv,,,,,,Required feature(s) not computable: ['transit_shape_ratio']
,,,,,,,,,,,,,,,,,,,,,,,163.97685450001154,1,True,transit,TIC_385624852.csv,,,,,,Required feature(s) not computable: ['transit_shape_ratio']
,,,,,,,,,,,,,,,,,,,,,,,40.38462266593706,1,True,transit,TIC_355636844.csv,,,,,,"Required feature(s) not computable: ['FAP', 'transit_shape_ratio']"
20.531263505952605,20.30283550248117,8.0032e-05,0.7992195340974626,0.0034673035655879425,1683.6001824109048,0.08949661267453954,0.9912798353630448,0.9923534771327601,6.105559583304615e-05,0.9923688199207368,0.9923377733380078,0.17981685746057585,0.08397876606700977,144.52182194225614,34.0,33.0,1.0,6.172166671576135e-06,0.00037974129752001254,0.007982143085772497,-1.118803855464082,11.076171552636307,137.29199358297046,1,True,transit,TIC_237200747.csv,0.83,5056.6,0.7986169433387001,7323.84551511156,0.1039317888705699,Success
8.385110414035568,5.186164831976865,0.00080032,3.260813887078349,0.03827359420964327,1518.642152778355,0.029440673566405135,0.9962943977386772,0.9968742524090874,0.0009810824216106857,0.9998587140776113,0.9950835754079732,4.643185870957843,0.054744002674674705,22.625164551017686,8.0,6.0,2.0,2.0232637496184383e-07,0.002637747354405405,2.4780811195945773e-05,-0.9277285282030687,33.84074740992178,1.2523197500267997,1,True,transit,TIC_5024743.csv,2.51,8469.0,6.520417239710204,5951.935650875595,0.03290150266778,Success
,,,,,,,,,,,,,,,,,,,,,,,57.03345816698857,1,True,transit,TIC_307111282.csv,,,,,,"Required feature(s) not computable: ['FAP', 'transit_shape_ratio']"
14.913149858408246,10.604563396887247,8.0032e-05,9.180624966197085,0.06017294786993865,1518.8014378791372,0.06924036517601775,0.9962258209003212,0.9968099019256984,0.00023929514382332867,0.9968702126741453,0.9966904866437736,0.25895335275869275,0.055248233880054815,53.271849349571205,3.0,3.0,0.0,4.974920495251254e-07,8.504738153935226e-05,3.3574174479023e-05,-0.6712359651204173,14.387934239916115,56.78729658306111,1,True,transit,TIC_78154865.csv,1.0,5778.0,9.163268116306744,5755.072996707966,0.0449371266950797,Success
,,,,,,,,,,,,,,,,,,,,,,,173.96388691698667,1,True,transit,TIC_60074373.csv,,,,,,Required feature(s) not computable: ['transit_shape_ratio']
,,,,,,,,,,,,,,,,,,,,,,,183.98240595904645,1,True,transit,TIC_33878688.csv,,,,,,Required feature(s) not computable: ['transit_shape_ratio']
,,,,,,,,,,,,,,,,,,,,,,,86.42441937502008,1,True,transit,TIC_349373192.csv,,,,,,"Required feature(s) not computable: ['FAP', 'transit_shape_ratio']"
,,,,,,,,,,,,,,,,,,,,,,,87.17218412505463,1,True,transit,TIC_376682699.csv,,,,,,Required feature(s) not computable: ['transit_shape_ratio']
22.333546894529565,22.028662069381863,8.0032e-05,1.1737263072459185,0.003034599604882726,1438.301910713937,0.04529020694728331,0.9977216914570052,0.9977237961760196,3.124594957030972e-05,0.9977125484253856,0.997736000213145,0.2673721727766639,0.04292530761854902,68.8164639169059,22.0,21.0,1.0,5.656934880881781e-07,9.845445566022592e-05,0.000527412221291601,1.1393058537633816,22.029523791276308,396.33435816597193,1,True,transit,TIC_188989177.csv,3.67,8242.0,1.3903270878647984,2508.7559062814125,0.0080766475707038,Success
,,,,,,,,,,,,,,,,,,,,,,,226.2977086659521,1,True,transit,TIC_287190564.csv,,,,,,Required feature(s) not computable: ['transit_shape_ratio']
6.878957992871222,6.965101107668863,0.011604642,2.385006556081891,0.01742660725594858,2854.757906216777,0.08887499119667126,0.9957626304105974,0.9962155997605606,0.0001238703180872298,0.9962760716492142,0.9961652065200157,0.3145745582458419,0.05854035066028671,41.39335962728604,12.0,11.0,1.0,6.2167778016379e-06,0.00041430510076869993,0.0008453973717356122,0.6945010219546884,11.204081339452136,95.80154779204167,1,True,transit,TIC_378355116.csv,2.08,8124.0,0.5950477254587058,5563.6068822320085,0.0677357854763641,Success
21.224980536498304,19.404872428845618,8.0032e-05,2.5464628503182998,0.007224568448941593,2036.6329395625357,0.04442862294245701,0.9974910247073139,0.9978035601180727,5.896242123891909e-05,0.9977755896268736,0.9978313187116117,0.33464836022256556,0.04504590733862402,39.078892592139006,10.0,10.0,0.0,8.273911010833333e-07,6.925609684515553e-05,0.00022736801991485311,2.051161996435275,22.451540440477814,351.6729022919899,1,True,transit,TIC_141482386.csv,7.61,4709.0,2.5463654130851197,2074.575051410399,0.0463627027058979,Success
,,,,,,,,,,,,,,,,,,,,,,,408.7573277920019,1,True,transit,TIC_230086768.csv,,,,,,Required feature(s) not computable: ['transit_shape_ratio']
,,,,,,,,,,,,,,,,,,,,,,,49.31632574996911,1,True,transit,TIC_127793615.csv,,,,,,Required feature(s) not computable: ['transit_shape_ratio']
18.505757321764854,16.26080356081087,8.0032e-05,4.38342977005753,0.019793632555098917,1358.1140057325256,0.03358178791448831,0.9988362463385546,0.9989745862042679,0.00010020712951687463,0.998891404693152,0.9990543018190873,0.5807620246713985,0.03067875117559314,13.253426645179493,6.0,6.0,0.0,8.437796083784037e-07,0.00020359683754631906,6.835567603469261e-05,0.6937330759424295,29.743390938027545,116.82935654208995,1,True,transit,TIC_49687222.csv,1.0,5778.0,4.387629215256313,1826.8797205092114,0.0176666839390205,Success
11.624009502778577,8.233482155568574,8.0032e-05,5.337932910987083,0.03407994461789521,2612.4759505163156,0.04689473621686798,0.9958775535408768,0.9960804449452612,0.00018144890568092627,0.9964811628181178,0.9956797270724044,1.6054988043487046,0.057741047564240436,35.36354724264875,5.0,4.0,1.0,1.6093443752479017e-06,0.000408156707620108,-0.0002433330652718002,531.1764679805561,21.23644643047722,56.32290041691158,1,True,transit,TIC_450327768.csv,1.26,5776.0,1.256510389848288,785.8781431091533,0.0259255263302055,Success
6.588414006144185,6.288292216677336,0.019127651,3.3693536552809724,0.03774702326520529,2799.9879582678923,0.10320476201859473,0.998033964552566,0.9981220217201162,0.00039850040175784545,0.9977238532419137,0.998556387332701,0.766946181625133,0.03987519489748303,8.163576613283034,8.0,7.0,1.0,2.406723480525193e-06,0.0020742527458849336,0.0007703603346902455,0.7120538644444798,9.670425521379983,6.028179667075165,1,True,transit,TIC_75417968.csv,1.78,6662.0,0.95961643658223,585.140462513234,0.0324851109248923,Success
,,,,,,,,,,,,,,,,,,,,,,,78.28075083298609,1,True,transit,TIC_402740809.csv,,,,,,Required feature(s) not computable: ['transit_shape_ratio']
,,,,,,,,,,,,,,,,,,,,,,,27.313187332940288,1,True,transit,TIC_251209368.csv,,,,,,Required feature(s) not computable: ['transit_shape_ratio']
25.665505967962165,18.73901110039412,8.0032e-05,11.562148317047866,0.03500565594515592,2395.013594701829,0.07624375859986328,0.9926500589999657,0.9937733710992812,0.00014706345968734723,0.9936817377098848,0.993956637878074,0.7058870111356687,0.07709905825480438,77.83069169552287,3.0,3.0,0.0,8.132115708822431e-07,0.00013341086947045227,3.583197909340363e-05,0.2835487615294116,13.01942712726843,410.85763216693886,1,True,transit,TIC_147576037.csv,3.59,5709.8,11.556640489800364,6691.248456223042,0.081031987319903,Success
8.427933526834323,8.349956129553787,0.000720288,2.040274674351942,0.01238822252622862,1573.3588121356838,0.025770743733298556,0.9967923847308017,0.9970093427508337,0.0003161989111385406,0.9970774275249079,0.9968901943962036,0.22829265069613824,0.050932885731756326,10.605306215139088,11.0,10.0,1.0,8.845277379381505e-07,0.0010017800006366599,0.00018800681640485095,0.2957938602491225,38.679224590745484,1.9094227500027046,1,True,transit,TIC_219766989.csv,1.53,6095.0,1.6768203857577575,731.9656442021927,0.0600566195613374,Success
28.76906492997743,27.998329389976174,8.0032e-05,1.2541995558701704,0.0031118767083061494,2335.2216446085217,0.04506520771255808,0.9467845202895455,0.9529648582798839,0.0008948579005251283,0.9526575999963169,0.953340513099176,0.27028651192242903,0.20745606574846168,57.459359348260215,21.0,20.0,1.0,0.0004358365260632361,0.003673405283084621,0.004723164158967341,0.7611516622803165,21.009212391263652,457.33194729103707,1,True,transit,TIC_7439481.csv,0.399724,3455.0,2.9415831295102324,2486.6167265256145,0.0066205361023672,Success
11.563715257502544,11.248740577111803,8.0032e-05,1.3261801481556552,0.006234303096394722,3719.433267485423,0.04291673446956428,0.9971385174380724,0.9975709041563056,0.0002731822743647133,0.9972497353367878,0.9979242937959043,0.8731333501401392,0.04810638234121311,9.359765608090784,21.0,21.0,0.0,4.389851708500016e-05,0.0013417535244786786,0.001064501019725217,0.17568381095869423,23.234258844768902,44.56709166697692,1,True,transit,TIC_358072664.csv,1.63,5541.0,1.3274641451975515,4713.3184885256305,0.0242820780079827,Success
,,,,,,,,,,,,,,,,,,,,,,,57.2131963330321,1,True,transit,TIC_4999813.csv,,,,,,Required feature(s) not computable: ['transit_shape_ratio']
11.25555699581449,11.075476677201808,8.0032e-05,7.843256273235364,0.0629022242502244,2394.4345174899827,0.15006059953775314,0.9930557962306058,0.9932344496496999,0.00018342282300239736,0.9925803004076388,0.9939016818766023,2.609048629914031,0.07494080863253048,28.470752107263063,4.0,4.0,0.0,1.653801420367358e-05,0.0008936726508928169,-3.2621504338248286e-05,0.4751073969106833,6.61769844509229,70.27433362498414,1,True,transit,TIC_232679662.csv,1.0,5778.0,0.9992554520552268,734.0539617232133,0.0249913246380743,Success
,,,,,,,,,,,,,,,,,,,,,,,32.81650841597002,1,True,transit,TIC_131081852.csv,,,,,,"Required feature(s) not computable: ['FAP', 'depth_mean_even', 'odd_even_mismatch', 'depth_consistency_std']"
6.230700676098792,6.097608638337712,0.037615046,7.856623364786838,0.08963637559590376,1960.3650490180519,0.056984209212300296,0.9969551374468871,0.9973904491282146,0.00026298170441868763,0.997436506396536,0.9972936107691794,0.18005352697317037,0.049623911472495126,25.933108173463342,3.0,3.0,0.0,1.2106740181317673e-06,8.339931901378166e-05,1.6185024968806694e-05,0.0659785273527386,17.495287751254605,26.123724165954627,1,True,transit,TIC_289539327.csv,2.01,6115.7,3.9210035778051457,5074.962895348811,0.0299025815311257,Success
20.13424132987919,19.939217580353965,8.0032e-05,1.3867367219800002,0.004309478748593665,3453.014694909493,0.015567675401143743,0.9946665886435541,0.9940592689169453,0.0002898602375881953,0.994281852227877,0.9938063333363406,0.5856891431460628,0.06567645266399254,23.06180570681936,20.0,13.0,7.0,9.471696165532534e-06,0.0009606366538324608,0.0005817645482185663,-1.28857816024337,63.89307093148132,50.384717167005874,1,True,transit,TIC_141985686.csv,1.0,5778.0,1.3862881452138474,6058.9232423108315,0.0198798330499223,Success
,,,,,,,,,,,,,,,,,,,,,,,362.8836797499098,1,True,transit,TIC_434234955.csv,,,,,,Required feature(s) not computable: ['transit_shape_ratio']
13.708819498662637,10.928138829188919,8.0032e-05,2.322050552598381,0.009499410244671047,3287.21361176222,0.018232045449441937,0.9879781606008752,0.9881184281524572,0.0011621396783336668,0.9901037221440241,0.986133134160891,1.2317188467801115,0.09860356288716042,12.77627833871204,11.0,6.0,5.0,6.962405834025909e-05,0.0033995731100083257,0.0009520211813771606,1.8473867585482735,54.18910145548787,73.30242387508042,1,True,transit,TIC_307956396.csv,0.73,4460.0,2.324736553348842,14346.24224694203,0.0315801829737117,Success
,,,,,,,,,,,,,,,,,,,,,,,47.58177029096987,1,True,transit,TIC_63013648.csv,,,,,,Required feature(s) not computable: ['FAP']
,,,,,,,,,,,,,,,,,,,,,,,182.00184079108294,1,True,transit,TIC_64836837.csv,,,,,,Required feature(s) not computable: ['transit_shape_ratio']
14.148106483091851,10.642923292514794,8.0032e-05,4.131793172672552,0.021328225527420308,3129.532431355144,0.04616774729285063,0.9935037642639227,0.9938308128528938,0.00028756766584696504,0.9935654193482064,0.9940962063575809,0.6553352637192534,0.07248331291788816,40.002433298813656,5.0,4.0,1.0,3.047314001948492e-06,0.000973107068861469,0.00044582701272277703,0.9459463613725396,21.519433425285907,41.36139820807148,1,True,transit,TIC_376168473.csv,1.0,5778.0,4.13698484064933,7320.400670443039,0.0524641456221271,Success
15.77161277527825,15.364388181252695,8.0032e-05,2.7596088316620193,0.010498095231113336,2825.693515745185,0.07369375180512733,0.9932483042672463,0.9942768661393595,0.00021498233467136555,0.9940852124436091,0.9944692430566038,0.6329985547243123,0.07389474896002117,27.630587047812515,10.0,10.0,0.0,2.26637524306151e-05,0.0003202324109478609,-0.00028925000000001866,-0.281614692940462,13.478053158343064,74.40949000010733,1,True,transit,TIC_1976308113.csv,1.0,5778.0,1.3576154695295537,11944.742078926374,0.014745327882622,Success
8.470414374644298,8.42087069000958,0.000640256,2.5131743474323636,0.019979117197545193,2391.2473555174142,0.0454027242612111,0.9970607746761434,0.9975125986935919,9.914194386858063e-05,0.9975638990653883,0.9974513491587806,0.4007136681388134,0.04875549692772112,40.923478256280035,11.0,11.0,0.0,1.372232316026564e-06,0.00019320063344969036,0.0001684199313412016,0.12461539996225889,21.960373323412274,32.14686166704632,1,True,transit,TIC_406855039.csv,2.1805999,5668.0,0.6289535857010122,3351.442946871841,0.0356425429473215,Success
,,,,,,,,,,,,,,,,,,,,,,,138.42525175004266,1,True,transit,TIC_371711170.csv,,,,,,Required feature(s) not computable: ['transit_shape_ratio']
,,,,,,,,,,,,,,,,,,,,,,,15.968039582949132,1,True,transit,TIC_17416749.csv,,,,,,"Required feature(s) not computable: ['FAP', 'transit_shape_ratio']"
,,,,,,,,,,,,,,,,,,,,,,,86.72259295894764,1,True,transit,TIC_269892793.csv,,,,,,Required feature(s) not computable: ['transit_shape_ratio']
11.977294902714938,11.965227095614003,8.0032e-05,1.543088807710822,0.010926148850005979,1543.9975859084382,0.11994419951651282,0.9920596814257124,0.9928729610040224,6.690393491637573e-05,0.9929250857041343,0.9928288671443349,0.5050593705295378,0.08013571392927792,109.96773722634518,16.0,15.0,1.0,5.516386244192923e-06,0.0003370166797616881,0.007280042481904836,0.9958058130033522,8.271010064885504,42.00747616693843,1,True,transit,TIC_133505138.csv,1.32,6529.0,0.7725648919130481,7367.150943524359,0.1285002276865596,Success
6.045044828871485,5.425947707646555,0.05130052,3.8872113287565404,0.05279742077781924,1957.724993593284,0.09701619721556944,0.9987997751357234,0.9987766264366268,0.00021218270278568487,0.9987910276803629,0.9987514242600884,0.06182340439776354,0.031155767668021247,8.369448027041155,7.0,5.0,2.0,4.7050309275480946e-07,0.00042452616254042344,0.00010889255347323878,0.7971548875968605,10.295185791671425,2.5629110420122743,1,True,transit,TIC_372505528.csv,1.51,6827.0,0.2625353384778857,303.92668397505315,0.0995662043100187,Success
7.5644217732225405,6.266120365606438,0.003521409,12.8153790744099,0.0844581172798673,1684.561789244101,0.035176025446462096,0.99660311028398,0.9970489608905689,0.0003816946195108399,0.9970632547596818,0.9970231219733263,0.04025619663327385,0.05241406831978609,10.832080741323264,3.0,3.0,0.0,5.406255174159847e-06,0.0023111606115853948,5.5275631052120744e-05,-0.5629425840714977,28.331885073281224,66.34392908297013,1,True,transit,TIC_362220495.csv,1.0,5778.0,4.662885496216847,188.0029968820418,0.0307169720589068,Success
,,,,,,,,,,,,,,,,,,,,,,,66.09438504104037,1,True,transit,TIC_62530991.csv,,,,,,Required feature(s) not computable: ['transit_shape_ratio']
9.499979917771167,9.130184870607172,8.0032e-05,1.831699714637018,0.014299884641748695,1387.7215059697157,0.04118993807534016,0.9995514060926743,0.9995863036745191,5.204250568779417e-05,0.9996361853016339,0.999538107237509,0.6671993796569975,0.019047317988357952,8.051227097045734,11.0,10.0,1.0,7.681273657814822e-07,0.00010149758525630038,5.1619430568083935e-05,0.36975400984713463,24.26688295244347,21.139700875035487,1,True,transit,TIC_220396259.csv,1.71,5825.0,1.9626910159795656,343.0580252391513,0.0121846544802864,Success
,,,,,,,,,,,,,,,,,,,,,,,22.46603833301924,1,True,transit,TIC_354285962.csv,,,,,,"Required feature(s) not computable: ['FAP', 'depth_mean_odd', 'odd_even_mismatch']"
16.415262574436476,13.715083950343866,8.0032e-05,5.4118502464779255,0.030565523028751596,3128.114770782431,0.11974724644063359,0.996931293505785,0.9970973880668981,6.713341810794361e-05,0.9970420092333561,0.997150216559421,0.5709449494406278,0.04981783191986946,29.66554973711113,5.0,4.0,1.0,2.691356175996492e-06,0.00011617224571919006,-0.0005041726192187568,-0.5965712403787045,8.325296181236434,40.78247508301865,1,True,transit,TIC_376168473.csv,1.0,5778.0,2.2102666340914796,208.03495617360835,0.0040472131642226,Success
9.440367778713329,9.431658059953504,8.0032e-05,0.8646858581469012,0.004360191194925478,1571.1174653468943,0.062255516869493016,0.9997560996323227,0.9997709609303069,1.877791601523721e-05,0.9997453614655714,0.9998008984793831,1.0454861630887191,0.01404472934445565,12.729743694907325,29.0,26.0,3.0,3.7987890366500125e-07,0.00010948938081106027,0.000169883518786218,1.1889925246574893,16.058915737991917,52.77255541703198,1,True,transit,TIC_308034948.csv,1.1512,5824.0,0.432247429556018,207.79884126564951,0.1119290975500281,Success
14.07225408548802,11.568948098562167,8.0032e-05,8.529579125193541,0.07405688606915461,2427.7526979797467,0.09132496555323573,0.9977499770364896,0.9980949110961804,0.00015994808787148077,0.9981472775692366,0.9979909715814778,0.34589969830684403,0.04265801298395222,15.25432694892954,3.0,3.0,0.0,3.0690896989681346e-06,0.00014443140063940857,4.371242288581101e-06,0.030643401971050224,10.925270773355779,89.61884220794309,1,True,transit,TIC_15247229.csv,1.0,5778.0,0.518083190310483,468.509669194761,0.0448466851855494,Success
,,,,,,,,,,,,,,,,,,,,,,,28.7923176670447,1,True,transit,TIC_470315428.csv,,,,,,Required feature(s) not computable: ['transit_shape_ratio']
8.699332820884708,8.726354336302487,0.000240096,2.030583801733668,0.01622936547726561,2719.3306004361984,0.07621570589298063,0.9523837060623805,0.9590848937862199,0.0005994845273572197,0.9592501546086702,0.9589191228995027,0.19524088238679052,0.1962388282732287,73.05262135179115,12.0,12.0,0.0,0.00022804266831989074,0.001946253891645306,0.001257375052538312,0.9427086581440098,12.495898252253724,24.216071458999068,1,True,transit,TIC_374400599.csv,2.04,6904.3,0.5070352334002612,44535.54068961884,0.0870236196317843,Success
14.139463690022671,13.099136506315675,8.0032e-05,0.6492102811837979,0.002641914559905423,1683.5678078506949,0.055237072374291686,0.9995089907009808,0.9995314498714128,2.4783218660941214e-05,0.9995064446217687,0.9995562436601723,0.7120155143952444,0.019927462723131884,19.32242612009553,33.0,24.0,9.0,5.702818428621882e-07,0.0001478040965671531,0.00047628223755558086,1.2050399331742714,18.09489438412326,79.38456516689621,1,True,transit,TIC_110428269.csv,2.59,9994.0,7.644869430965792,623.6693605635724,0.0365864848989158,Success
10.391600110904818,10.189651631506411,8.0032e-05,3.13735714433664,0.02894421091759125,2884.509917123391,0.08139252672237433,0.9835278701065663,0.985775161221865,0.0007950354408131525,0.985821359237622,0.9857204738271439,0.04470092056709286,0.11542025407749941,139.8588780744197,9.0,9.0,0.0,1.0285874351576546e-05,0.0009441933659181431,0.00025868167865328306,-0.7472013227972043,12.083761368673668,21.30492054100614,1,True,transit,TIC_366074069.csv,2.31,6146.0,3.129204834508904,35937.39638317117,0.0374823870552769,Success
14.029126378555672,9.553864791422384,8.0032e-05,2.193597683996507,0.012131403514876515,1631.0845324149152,0.06257760866539423,0.9980242973234541,0.9981402894933573,0.00016853784216597987,0.9981872701806827,0.9980933088060324,0.1982451910893004,0.039973110207444394,11.237956511417114,10.0,7.0,3.0,2.2385043559748846e-07,0.0003277251461024773,0.0006668459447072284,2.558522934601804,15.94858478309618,8.948569749947637,1,True,transit,TIC_361034196.csv,2.95,7009.8,0.8831549221047217,740.0661187380031,0.0242790454355737,Success
,,,,,,,,,,,,,,,,,,,,,,,183.67004987492692,1,True,transit,TIC_380517859.csv,,,,,,Required feature(s) not computable: ['transit_shape_ratio']
,,,,,,,,,,,,,,,,,,,,,,,63.35909979103599,1,True,transit,TIC_404610583.csv,,,,,,Required feature(s) not computable: ['transit_shape_ratio']
,,,,,,,,,,,,,,,,,,,,,,,73.48794891603757,1,True,transit,TIC_350995812.csv,,,,,,Required feature(s) not computable: ['transit_shape_ratio']
10.630209481300762,10.634928184975138,8.0032e-05,1.381959263439082,0.008799435371275588,3340.294781513035,0.0953220298973534,0.9885242794231358,0.9902392080728601,0.00019215671723229314,0.9899578345099748,0.9905197601070945,1.0348226599412587,0.09633788982814039,63.68838002427773,20.0,20.0,0.0,3.3497402005769624e-05,0.0009104401243852034,0.007191499032302762,0.9558797582347737,10.370365386549349,54.71138270897791,1,True,transit,TIC_17129975.csv,1.39196,6616.0,0.6921485422441555,12124.376021488415,0.0888568076353041,Success
10.218327345062853,9.298851416012704,8.0032e-05,0.8667420319717904,0.0033250925311422708,1765.224233533658,0.027047896804649047,0.9997344922118726,0.9997480992460032,4.647652508283446e-05,0.999808693392784,0.9996809459390036,0.9787678230123094,0.014653648816865735,5.507072989577799,27.0,21.0,6.0,8.593978512679585e-07,0.0002492011631519974,5.507697756002017e-05,4.713339788111014,36.96163511094276,20.68822770798579,1,True,transit,TIC_354594208.csv,1.25,5904.0,0.7000027248291987,187.20676608274812,0.0065990697089795,Success
9.187975887206045,8.703001323343546,8.0032e-05,2.9398361742382795,0.024841550749889585,1388.7506941264176,0.031507348930882174,0.9965355543549663,0.9965991212547995,0.0003175048915593721,0.996217701760081,0.9968571403247564,0.6862321335262724,0.05293269703520675,25.248882026961404,6.0,5.0,1.0,2.1066650287146128e-06,0.0005002907260549905,6.613796257437521e-05,6.31558430929184,31.62867039499487,23.75644604198169,1,True,transit,TIC_382188882.csv,1.58083,6366.0,2.9442342988244503,5577.101775002368,0.020861263572892,Success
15.78383973068692,14.724627239913113,8.0032e-05,8.479236787680636,0.07636125235023439,3241.372358658049,0.04431300773111281,0.9970083641510059,0.9965675600446313,0.0006165533154951767,0.9975719438996514,0.9943076963708364,2.4666354583542573,0.04918826580470153,10.369764580774692,3.0,2.0,1.0,2.8125484864841277e-06,0.0016321237644075226,-8.324140829607529e-05,1.2436231613758841,22.49922573978186,40.33697391604073,1,True,transit,TIC_229285649.csv,1.41,6287.0,4.628792118410723,118.93674914320584,0.1047486117727357,Success
,,,,,,,,,,,,,,,,,,,,,,,12.802287290920503,1,True,transit,TIC_445586472.csv,,,,,,"Required feature(s) not computable: ['FAP', 'period_uncertainty']"
,,,,,,,,,,,,,,,,,,,,,,,66.48701516690198,1,True,transit,TIC_198457103.csv,,,,,,Required feature(s) not computable: ['transit_shape_ratio']
8.659673004949846,6.877539299846561,0.00040016,2.801354025187334,0.021495159202317815,2641.0505414119684,0.05053052332970467,0.9962338966278865,0.9963390177295492,0.00039889297864388975,0.9968816040365176,0.9956457130039789,1.084434644172031,0.055189094051241415,26.599283212158095,9.0,7.0,2.0,5.271537016238342e-06,0.0010652819017120709,9.336329473397242e-05,0.06571084603048835,19.71548741198658,40.842712832964025,1,True,transit,TIC_139118482.csv,1.15,6179.1,2.795497840010607,13019.447145501184,0.0182926541008645,Success
16.22189385809606,15.486600966342564,8.0032e-05,2.667353329654219,0.014163275181891644,3237.6981316709116,0.08213650482896935,0.9885332429194659,0.9897468687447507,0.0001693917841644683,0.9898853655206341,0.9896095456703579,0.5772625373417094,0.09630025850890524,56.08787581481079,9.0,8.0,1.0,1.5161338368797058e-05,0.0003191327631737271,-0.001548325454563404,0.6166174609348568,12.035248455943703,42.02773062500637,1,True,transit,TIC_4426490.csv,1.19683,5983.3,0.2302240563035006,1214.4714190186478,0.0201157414345208,Success
7.722995676579353,7.6007882131386815,0.002480992,6.862037672442948,0.09626936361900595,1326.0603671882952,0.03626937048321917,0.9974175039555246,0.9974365642859361,0.00022663516056779323,0.9973346220145614,0.9975579241328111,0.35457155510927896,0.04570113429631091,29.854268263823215,4.0,4.0,0.0,3.210125312702783e-07,0.000175056861229822,-5.882217452723992e-05,-0.5054684091817409,27.500270632405986,33.946393416961655,1,True,transit,TIC_183979262.csv,2.72192,6270.0,0.89128640383736,404.7237144866323,0.0776035569070787,Success
10.599721152114867,9.531846616304884,8.0032e-05,5.21743802500496,0.03935536242329363,2120.5603079586144,0.08804044165799751,0.9940267034962003,0.9949326361273552,0.000254925444992867,0.9951159029972543,0.9946526043501491,0.6410127106953701,0.06950470162117121,34.33285708264783,5.0,5.0,0.0,6.769505095551662e-06,0.0002521317767619615,0.00044431079654805306,-0.3666137465662764,11.290569251771851,40.34047625004314,1,True,transit,TIC_32283946.csv,1.49,5818.3,5.205327268129224,7865.026176290035,0.0680405802028935,Success
,,,,,,,,,,,,,,,,,,,,,,,31.71410233306233,1,True,transit,TIC_260043723.csv,,,,,,Required feature(s) not computable: ['transit_shape_ratio']
,,,,,,,,,,,,,,,,,,,,,,,24.29940154205542,1,True,transit,TIC_207468071.csv,,,,,,"Required feature(s) not computable: ['depth_mean_odd', 'odd_even_mismatch']"
15.416470023965038,15.4329586002656,8.0032e-05,1.3440732814206728,0.005545397551818265,3747.8636844617354,0.03225297733180107,0.9803172961623541,0.9833042000240091,0.00030711149412740793,0.9833415941576039,0.9832669663802579,0.08598990231345431,0.12616808918540431,63.079380358986576,20.0,20.0,0.0,3.2852496966328695e-05,0.0010807881909081394,0.0014998901845724166,-1.6109602103273124,30.394629496600686,59.60638116591144,1,True,transit,TIC_162729620.csv,1.31,6229.0,0.4479648661079736,18319.344588213604,0.0343815348365263,Success
13.120307904224685,10.561189476420576,8.0032e-05,9.7687962557707,0.12067523701380356,2343.336375126605,0.06173432997784343,0.9927289977641948,0.9937056437465228,0.000710775309900695,0.9936943316946033,0.9937169557984423,0.011253752310763847,0.0766839165549562,71.56554995733978,2.0,2.0,0.0,4.0770309135722245e-07,1.1312051919509791e-05,1.1323569918730847e-05,-0.24986381651104697,16.0806636780619,16.020967500051484,1,True,transit,TIC_387079085.csv,2.04,6534.0,9.775359998124392,11642.824884002368,0.0378158617800132,Success
12.173716188698243,11.493275548882421,8.0032e-05,1.7565207680194146,0.009897971939258898,2770.438624992915,0.08920368731741184,0.9921175116474534,0.9922097083159604,0.000662206652799939,0.9922370715772438,0.9921769063940498,0.03184899038551716,0.07984336199786453,11.371625028961446,15.0,11.0,4.0,0.0003257334934899334,0.0018193980600435926,0.0041967523708767995,0.8846387256666722,11.121933873845595,63.377681917045265,1,True,transit,TIC_86451883.csv,0.81,4896.0,0.981854259330814,481.41038492122146,0.0135555769105065,Success
13.10039096406,12.194818782445402,8.0032e-05,3.3009183538528526,0.020249914776151012,2966.8952873555063,0.07689309689549463,0.9983444320052406,0.9985453574963383,0.00010860369377084077,0.9984647047360362,0.9986705666766672,0.6508414766205041,0.03659153748835478,13.639878883649573,7.0,7.0,0.0,4.139412769436586e-06,0.00017544035094426628,-5.659629923027154e-05,0.30217104148088547,12.983537824755452,35.47731870901771,1,True,transit,TIC_123106490.csv,1.30784,6408.0,1.6982170673686088,443.0200343136237,0.1011777023992315,Success
12.832487233957092,12.209454910228297,8.0032e-05,3.545159339830949,0.022859432111227207,2826.790722362611,0.07949789067187729,0.9929233937234685,0.9939910268705836,0.00019702349797548054,0.9941161912995768,0.9938653134747963,0.4504400854660888,0.07565186928387728,56.092650469498366,8.0,8.0,0.0,5.113968510146465e-06,0.0010465188558757032,-0.0016247421387562966,0.930419854203222,12.489933825058321,71.7716972080525,1,True,transit,TIC_404610583.csv,1.0424401,6084.0,3.651549025875162,7299.552623537764,0.0309096966453519,Success
7.138525585515785,6.940800190967942,0.007523009,3.402959139142275,0.038638231148548474,3286.1619707218665,0.027012154526386584,0.9945371470286702,0.9947065983499921,8.517061685943786e-05,0.9948845559722608,0.9945583003314348,1.3937032677818775,0.06646865682833482,34.25098661147152,8.0,6.0,2.0,1.563209537362237e-06,0.0002321650755872776,7.741691199836254e-05,0.9799576975658773,36.81813481620525,6.8132690829224885,1,True,transit,TIC_9837861.csv,2.68,5235.5,0.6804589369192291,4772.4020416684,0.0397039640974991,Success
9.739207615774882,8.063072392345324,8.0032e-05,3.692891127452119,0.03110027641566493,2883.0055862750523,0.05871830217260169,0.9930035554080914,0.9938052224102668,0.00033670589783752337,0.9890809596588233,1.000091839772424,33.87344890866694,0.07522216803380569,54.53543074146516,8.0,7.0,1.0,3.93836971210451e-06,0.00545327844976323,0.00033310309226119994,0.0200018956906012,16.911312464198474,23.918969291029498,1,True,transit,TIC_104195270.csv,1.99719,6731.3,7.385595809818753,10527.148157626454,0.074719307128156,Success
,,,,,,,,,,,,,,,,,,,,,,,0.775293541024439,1,True,transit,TIC_376838000.csv,,,,,,Required feature(s) not computable: ['transit_shape_ratio']
,,,,,,,,,,,,,,,,,,,,,,,12.210390208056197,1,True,transit,TIC_97158538.csv,,,,,,Required feature(s) not computable: ['transit_shape_ratio']
,,,,,,,,,,,,,,,,,,,,,,,18.42879300005734,1,True,transit,TIC_187532854.csv,,,,,,Required feature(s) not computable: ['transit_shape_ratio']
,,,,,,,,,,,,,,,,,,,,,,,30.70609400002286,1,True,transit,TIC_377290815.csv,,,,,,Required feature(s) not computable: ['FAP']
7.4251239966021725,6.962494785720765,0.004481793,1.6635605080742095,0.008544584967132729,2989.9155590048144,0.04770363681076392,0.9972701985850005,0.9975834501021862,0.00045934434718200036,0.997880661930845,0.9971065287957335,0.5863341553935969,0.046986454371242034,5.296287838366776,15.0,14.0,1.0,9.311049129934833e-05,0.0038109631062679655,0.0003616482065029736,4.247047061255936,20.905538136244886,18.416040875017643,1,True,transit,TIC_48276576.csv,1.3925,6071.0,7.005226825102286,195.13267283577386,0.0080320508858818,Success
7.229590633008245,5.801359983907201,0.006402561,4.760898031999124,0.008553080754313047,3239.9415679490576,0.032328731130219356,0.9972013296479888,0.9976984117833365,0.00048028956730745146,0.9966284842197415,0.9992364326560045,2.04018155291839,0.04757546265869685,5.625930053629515,5.0,5.0,0.0,1.9507814866945897e-05,0.0021320025012161177,-8.548220186366251e-06,-1.5412272328102652,30.845668691149235,99.87624625000171,1,True,transit,TIC_184869170.csv,3.08,5994.0,5.114475920837928,433.204259298825,0.0829726711139947,Success
,,,,,,,,,,,,,,,,,,,,,,,31.344574333983473,1,True,transit,TIC_135083444.csv,,,,,,Required feature(s) not computable: ['transit_shape_ratio']
16.84790992179228,16.672714540451036,8.0032e-05,0.7268315648187349,0.0029767759452239417,2229.2970796779864,0.03440304473826661,0.9991671352872236,0.999257459394555,3.146537033752666e-05,0.9993063198188972,0.9992087223551229,1.0985687738541043,0.025953407029866888,27.705266336281333,35.0,32.0,3.0,5.778185896065427e-07,0.00021256418626573216,0.0003617321157960429,-0.5449254896449064,29.042985668528548,40.92424262489658,1,True,transit,TIC_106997505.csv,1.0,5778.0,0.7275521214363505,976.4760721340249,0.0315686079752224,Success
,,,,,,,,,,,,,,,,,,,,,,,10.212970084045082,1,True,transit,TIC_129319156.csv,,,,,,"Required feature(s) not computable: ['FAP', 'transit_shape_ratio']"
15.226422352929681,14.135092392369623,8.0032e-05,4.0113719958046214,0.017491286212300006,2885.658107008766,0.08458328373339001,0.9955320193821047,0.9961117273326628,0.00019567761792883153,0.996265421512017,0.995894956351377,0.6566353614592606,0.06011222275646482,19.275891841403975,7.0,7.0,0.0,1.6868925726031366e-05,0.0005008145634757171,-0.0002952984233346445,0.053243980188096514,11.76984358422478,48.37163650000002,1,True,transit,TIC_444413256.csv,1.0,5778.0,7.249314432978427,8279.460429309382,0.0165367887328478,Success
16.157422760248412,9.805824984695615,8.0032e-05,4.151077350838783,0.013715183395321962,3288.0482201304817,0.04448922957087991,0.9914556189519712,0.9921231509101557,0.0007855091241702116,0.991954250614363,0.9922076010580521,0.11802998559170837,0.08312802278770551,9.328105277250948,6.0,3.0,3.0,6.799150029461714e-05,0.0007183559082127568,0.00043485328339687435,2.251714501468047,22.28529530664026,48.654365458060056,1,True,transit,TIC_307956396.csv,0.73,4460.0,0.9619014858215352,2508.3998964243738,0.0270783193159314,Success
7.977536345622777,7.687896845455979,0.001360544,3.096257971829348,0.02559624357191015,3236.557342228627,0.03550387762421009,0.9938131917028541,0.9944591336490186,0.0003746466067934116,0.994650515467066,0.9943179198803624,0.314914797865098,0.07073599656693014,19.382644502716616,8.0,7.0,1.0,1.4670519265714803e-05,0.0009631894476636366,0.00046137365987253265,0.05558971168080307,27.991680295370696,15.208637207979336,1,True,transit,TIC_247873937.csv,1.78,9056.0,1.5467919628113271,7513.162884492442,0.0302645161129367,Success
,,,,,,,,,,,,,,,,,,,,,,,3.3811886250041425,1,True,transit,TIC_219366908.csv,,,,,,Required feature(s) not computable: ['transit_shape_ratio']
15.692282129476931,14.319471364163077,8.0032e-05,0.6680862062947275,0.00120156554753037,1571.2243242321092,0.029800858850768285,0.9996095617082305,0.9996404664627806,2.4251745113294438e-05,0.9995170914004111,0.9997616833607937,3.6339809333239677,0.017769833101878595,14.489533665788493,37.0,32.0,5.0,4.184849154568944e-07,0.00021142387216969437,0.0001885571934228114,2.205672350774426,33.54297829850833,70.04912379197776,1,True,transit,TIC_300810086.csv,3.77,5159.0,0.9555521248901672,162.06415196040604,0.0185661507467432,Success
8.288698003251875,8.174672634706875,0.001040416,2.637914931883327,0.026522577065679176,1713.7161313865076,0.11969264186108602,0.9991143975219605,0.9991928198233391,5.150433978586505e-05,0.999133126292401,0.9992499179833665,0.8141214033779437,0.026762492486957026,12.041964263022619,9.0,8.0,1.0,1.963233372498193e-07,0.0001539880699214704,0.0004191770549593077,0.3713054599276524,8.347333486727795,0.7122843749821186,1,True,transit,TIC_365389353.csv,2.5,7495.0,3.948210916344134,590.4421540522397,0.0270819028558013,Success
15.468743793520458,7.383218831813071,8.0032e-05,1.2439463766241383,0.004470540271199308,1438.849333649965,0.04516755972227416,0.9960168341592024,0.9962787109478395,0.00029853346155454173,0.99653725632755,0.9960058019359231,0.635559763181352,0.056757249525898154,15.53767189773943,20.0,19.0,1.0,2.1352752115435217e-06,0.0015413260863080976,0.0011253674148585802,-3.8602704427167733,22.051597214538504,4.605961333960295,1,True,transit,TIC_332660287.csv,0.75,4967.0,5.88572008965259,196.05517859500043,0.0042472365983625,Success
9.901570362784614,9.7292389696122,8.0032e-05,2.0374499731864635,0.01350602256647293,2581.491113825217,0.05418838524791138,0.9980663556062125,0.9981943007924365,7.715512850226696e-05,0.9982388165459385,0.9981408818882339,0.44694224357484935,0.039545352488954404,40.13859220259428,13.0,11.0,2.0,9.189394057082007e-07,0.0002940309518502886,0.00028318772283464355,0.39956877969426174,18.41845537637019,18.045878499979153,1,True,transit,TIC_86280613.csv,1.83,6505.0,1.0203431733623904,2646.562138384434,0.0422063867177545,Success
11.565535542806407,9.909671908247462,8.0032e-05,5.948699282876687,0.05734718774193226,3263.046760916299,0.0549089775507464,0.9945310789155025,0.9945579466764588,0.0004581472734881484,0.9943606433341636,0.9946578795381407,0.221065008862953,0.06650556312886417,12.618379622678933,4.0,3.0,1.0,2.135940151868638e-05,0.0003883944811156773,5.589217014234649e-05,-0.16375589851433225,18.11235836610444,17.673335667001083,1,True,transit,TIC_350044062.csv,1.65,6031.2,0.6864312141313573,2039.388278646581,0.0228718599348288,Success
,,,,,,,,,,,,,,,,,,,,,,,13.46636383398436,1,True,transit,TIC_343442463.csv,,,,,,Required feature(s) not computable: ['transit_shape_ratio']
7.0078937035608275,6.282481177933374,0.009283713,2.190309652136428,0.012661248823536475,2392.0825860525015,0.04649267339018747,0.9995791573840099,0.9996017140582335,6.15946082332343e-05,0.9997793102855215,0.9994249884006872,2.0554924887226242,0.018448752415325228,6.612496167414885,13.0,12.0,1.0,1.472729915963768e-06,0.00022334205969576392,7.258645548779974e-05,0.04246081083696623,21.499713492383865,20.283833291963674,1,True,transit,TIC_284564230.csv,1.66,6610.0,1.096167511853129,444.8927668632141,0.0281266107106625,Success
,,,,,,,,,,,,,,,,,,,,,,,37.03264808293898,1,True,transit,TIC_71134735.csv,,,,,,Required feature(s) not computable: ['transit_shape_ratio']
23.619554174962477,23.526971177606175,8.0032e-05,1.3597267975051412,0.004563107530477062,2230.277906280772,0.03779539013357108,0.9894408191869023,0.9905541447752062,0.00011517291035436946,0.9906434909202635,0.9904743978027586,0.5192715662996535,0.09241070004384107,142.21650256917417,18.0,17.0,1.0,2.0562459519419348e-06,0.00027485832665224866,0.0007892866610912375,-0.10502950038466179,26.178875669497298,41.517503250041045,1,True,transit,TIC_148659924.csv,1.0,5778.0,1.3599658992804784,9702.58454930839,0.0413967262845414,Success
7.366184952539789,6.363603883289418,0.004961985,3.1171507061752117,0.029842095864792473,2693.247797027754,0.059782544971544754,0.9997258442909969,0.9997464205063485,3.966153425110593e-05,0.9997735049022817,0.9997191245135721,0.48551949485982493,0.014890380440280333,7.738301682312136,8.0,6.0,2.0,2.7832221634805347e-07,9.501549760814768e-05,3.462157764999585e-05,5.259973355997415,16.722704675199854,6.4831227080430835,1,True,transit,TIC_17416749.csv,2.13,6398.0,3.108792186477793,1002.8758216111821,0.0189124182086047,Success
,,,,,,,,,,,,,,,,,,,,,,,104.6855932920007,1,True,transit,TIC_238374636.csv,,,,,,Required feature(s) not computable: ['transit_shape_ratio']
10.205252223011616,9.71110727302209,8.0032e-05,3.947988432822892,0.04727520333619828,2063.3217183947404,0.05400925698499236,0.9896486409959976,0.9907074134115536,0.000581207498289892,0.991056221418325,0.9903087756895292,0.4548925262728406,0.0914967846128319,67.76768494511872,6.0,6.0,0.0,4.352815243474999e-06,0.0017424762432514376,0.00022255335487253447,-0.4783322301676393,18.323685535444284,9.095868041971698,1,True,transit,TIC_403136413.csv,2.3,5988.0,3.95561469108325,15893.722158530354,0.035856961195889,Success
,,,,,,,,,,,,,,,,,,,,,,,93.96103220805526,1,True,transit,TIC_141482386.csv,,,,,,Required feature(s) not computable: ['transit_shape_ratio']
,,,,,,,,,,,,,,,,,,,,,,,52.80753020802513,1,True,transit,TIC_381976956.csv,,,,,,Required feature(s) not computable: ['transit_shape_ratio']
22.13123102491426,19.33083896996988,8.0032e-05,3.3734750757158745,0.010200899242453376,2230.8712208891643,0.041312480808457744,0.9924993910444463,0.9930021574124249,0.000151215841654692,0.9928209328079585,0.9933585658012094,1.1816999034120548,0.07788528418644991,60.22400444619125,7.0,6.0,1.0,2.229789270811299e-06,0.00034234553502847435,0.0002960026131983984,0.06876808798851823,24.024202168978817,104.8330603329232,1,True,transit,TIC_347098457.csv,49.1612,4240.0,3.3746796833892403,6815.196463046625,0.0470149765476371,Success
,,,,,,,,,,,,,,,,,,,,,,,2.1087631250265986,1,True,transit,TIC_262135904.csv,,,,,,Required feature(s) not computable: ['transit_shape_ratio']
9.206291489805807,9.084368836927021,8.0032e-05,1.9886795347425208,0.014243761632675045,1326.6237814726621,0.06529220232627188,0.9992298936684032,0.9993080106971645,2.6163534486110495e-05,0.9992874056567982,0.9993266344836493,0.5298390162559385,0.024956431950078732,30.694028095244054,14.0,13.0,1.0,3.05762511185154e-07,9.960923107171938e-05,0.00021461676769396476,0.848880496959538,15.303969816719434,16.35599679092411,1,True,transit,TIC_167009792.csv,2.1,5883.8,0.996044124765712,742.1884112891464,0.0688064842501769,Success
,,,,,,,,,,,,,,,,,,,,,,,25.888671250082552,1,True,transit,TIC_456042145.csv,,,,,,Required feature(s) not computable: ['transit_shape_ratio']
10.853303848642964,10.079579242677768,8.0032e-05,4.676131141483223,0.011829601346293295,2230.47366056738,0.03483631054029541,0.9993170412617921,0.9993722901402632,0.00012133237012755772,0.9993043513703832,0.9994413426604691,0.40048559908062553,0.023501976077037332,4.848995732184399,6.0,6.0,0.0,2.0573050322992616e-06,0.00020145268294387847,3.612284767695595e-05,-0.06795504795983541,28.68607569983265,78.24718358309474,1,True,transit,TIC_155044736.csv,6.7996101,4897.0,4.681489949104008,508.40681239161523,0.0457717085991914,Success
7.988416995140361,7.702150836573235,0.001360544,3.6086482339810457,0.04521203781673866,2721.641532500425,0.03328801181547667,0.9979979858456172,0.9981259876429862,0.00028502198204304296,0.9981078035575002,0.9981528849361013,0.055284180773238926,0.04023840140161036,15.328245492710886,6.0,5.0,1.0,1.8044808400387842e-06,9.338901048683538e-05,6.314563530640527e-05,0.16738426518494312,29.980702703957096,22.53310587501619,1,True,transit,TIC_352924930.csv,2.64,6950.0,1.8069071718730765,5258.186474720761,0.0127682313320315,Success
,,,,,,,,,,,,,,,,,,,,,,,30.02383399999235,1,True,transit,TIC_239372503.csv,,,,,,Required feature(s) not computable: ['transit_shape_ratio']
11.597335854363262,11.099697356360597,8.0032e-05,4.279761420587882,0.01863162608402469,2394.643926175161,0.07568300840518738,0.9992608330958216,0.9993728764461649,7.70714538119062e-05,0.9993894704223072,0.9993561806664878,0.15285884201467487,0.024449974105391008,8.204117070494513,6.0,6.0,0.0,1.9043508903489628e-06,0.0001534315473319057,2.813340000351605e-05,0.44060972572731444,13.203238800260632,143.68506145803258,1,True,transit,TIC_315755496.csv,5.2787499,4772.0,3.2894158215410427,1472.0362707217882,0.0048239170274647,Success
8.438887920513086,5.272996121924088,0.000720288,2.029579586300991,0.01482069394776131,1629.4882026649088,0.053921154372919694,0.9986977252001517,0.998779192072015,0.0001311307010246012,0.9987446480649979,0.9988128364955161,0.18416443300567428,0.032453270164612844,18.156635840745423,12.0,10.0,2.0,1.8555302099963884e-06,0.00034893724775531107,7.791661621237012e-06,-0.3443398826669516,18.521445559068336,24.95957916707266,1,True,transit,TIC_238197709.csv,1.86397,6104.0,2.0248783756310296,5080.898230454767,0.0166848697902313,Success
,,,,,,,,,,,,,,,,,,,,,,,65.01905770902522,1,True,transit,TIC_310981412.csv,,,,,,Required feature(s) not computable: ['transit_shape_ratio']
,,,,,,,,,,,,,,,,,,,,,,,16.930215707980096,1,True,transit,TIC_161156159.csv,,,,,,Required feature(s) not computable: ['transit_shape_ratio']
13.308450045158224,13.052009113884585,8.0032e-05,0.7508551471847174,0.002146597848673659,1544.782647133358,0.020238076981955722,0.9971341500857512,0.997410932801501,0.000160129610745682,0.9997608521745476,0.9948516146724404,16.56964711751416,0.04814307964960995,33.55236429974702,32.0,29.0,3.0,2.7570224213009592e-06,0.00249194869392886,0.00029262475436342417,0.167975143641625,49.27020244931356,68.92561429191846,1,True,transit,TIC_101497191.csv,1.0,5778.0,1.502236413643386,5966.175837645249,0.0200997222912242,Success
8.800691821980966,8.635273052030415,0.000240096,4.996754541734034,0.06517713760470434,2582.20304078295,0.033943588213562984,0.9989449029579011,0.9991035219698324,9.260274743096503e-05,0.9991358456225635,0.999054706657545,0.31615252629739504,0.029211465776258435,11.822323435772745,5.0,5.0,0.0,7.066795813315542e-07,0.00012691815506284294,8.328446541749912e-05,-0.02673918900402345,29.429561090384322,25.145739291911013,1,True,transit,TIC_241174783.csv,2.68185,6802.3,2.498516228498011,1296.8399377095707,0.0229648968689925,Success
,,,,,,,,,,,,,,,,,,,,,,,42.39295487490017,1,True,transit,TIC_408729765.csv,,,,,,Required feature(s) not computable: ['transit_shape_ratio']
17.07980117505068,12.430869834888851,8.0032e-05,4.451954840743114,0.013829713422623069,2337.0168508424526,0.0672905288983459,0.9976013409946985,0.9979393375887229,7.959639256738839e-05,0.9978919062304691,0.9979844948407586,0.41162093216680673,0.04404447150934551,25.347613697466084,6.0,6.0,0.0,1.8547836339869122e-06,0.0001768419547828971,-0.00019928315357731208,3.8522062685950353,14.825286074088519,151.3096048340667,1,True,transit,TIC_314724818.csv,3.60934,8353.8,13.948439440739104,8909.48168564798,0.0207266431156981,Success
27.070670759707042,26.337551386466846,8.0032e-05,0.6137154095962246,0.0009430177693381392,2825.7136536242765,0.0198091989813959,0.9988635504062365,0.9989978798887753,3.06198384292277e-05,0.9989739494009127,0.9990234513243773,0.5718799183204676,0.030316721606338037,35.96384047332473,45.0,42.0,3.0,2.828288060765524e-07,0.00016558204824346584,0.00028300659591884436,2.2044603639281997,50.42422721606936,144.5881432919996,1,True,transit,TIC_314338017.csv,6.79,8522.0,0.6138539028185621,1036.053509539947,0.0213057825488244,Success
8.794583149583087,4.569171136979768,0.000240096,5.652547299038469,0.03170025517875352,1687.7030244325395,0.04186340534282463,0.9985023648398768,0.9984322363426679,0.0001955706957903199,0.9983553024921388,0.9985193312677954,0.30277143661719025,0.03480247743695374,23.886700907291257,4.0,4.0,0.0,4.813544502546347e-07,0.0017137353814731964,-2.3571524059073923e-05,1.5490595227763184,23.851436753962485,61.95966879196931,1,True,transit,TIC_159510109.csv,1.1179,5894.7,5.583925746345482,481.41038492122146,0.0401122015402564,Success
,,,,,,,,,,,,,,,,,,,,,,,95.74385970807634,1,True,transit,TIC_303867090.csv,,,,,,Required feature(s) not computable: ['transit_shape_ratio']
,,,,,,,,,,,,,,,,,,,,,,,1.6435140839312226,1,True,transit,TIC_348135793.csv,,,,,,Required feature(s) not computable: ['transit_shape_ratio']
,,,,,,,,,,,,,,,,,,,,,,,63.184842749964446,1,True,transit,TIC_108835813.csv,,,,,,Required feature(s) not computable: ['transit_shape_ratio']
,,,,,,,,,,,,,,,,,,,,,,,46.354342542006634,1,True,transit,TIC_68035558.csv,,,,,,Required feature(s) not computable: ['transit_shape_ratio']
,,,,,,,,,,,,,,,,,,,,,,,76.59617329097819,1,True,transit,TIC_224600500.csv,,,,,,Required feature(s) not computable: ['transit_shape_ratio']
5.971878349116288,4.86023487833485,0.060104042,2.2211475130559535,0.020670244254300085,1387.813796774883,0.025491588253048814,0.997345910090501,0.9976738872517117,0.00017256262644942515,0.9976105178307382,0.9977504586353878,0.28479070921743327,0.046330283986905564,17.999881299180853,9.0,9.0,0.0,2.917834799544693e-06,0.0002600869421643449,0.00018315405374913496,0.016004210242950408,39.12451041457637,34.50739754200913,1,True,transit,TIC_350743714.csv,1.91151,6038.0,0.1111272836394832,3857.3242750999934,0.0425233248820956,Success
,,,,,,,,,,,,,,,,,,,,,,,54.05258933303412,1,True,transit,TIC_441334829.csv,,,,,,Required feature(s) not computable: ['transit_shape_ratio']
,,,,,,,,,,,,,,,,,,,,,,,204.2363889159169,1,True,transit,TIC_81212286.csv,,,,,,Required feature(s) not computable: ['transit_shape_ratio']
17.640179459306367,17.269838406204336,8.0032e-05,1.7903980258877243,0.008646105123109038,1766.189057730499,0.09914907145327535,0.9955723312000783,0.9958336920038572,4.892899060269571e-05,0.9958506733091389,0.9958134101068444,0.2707877521788223,0.05984043066302835,143.30892223311824,13.0,11.0,2.0,7.551499909136441e-07,0.00020095495292505927,0.0033745879115057997,-0.021848226342005735,10.04116646386596,83.69349366694223,1,True,transit,TIC_366563452.csv,0.81,5028.0,1.7878372471073796,4171.003510803351,0.1136978486906327,Success
10.821333752658035,10.749386446359686,8.0032e-05,1.3413338967941915,0.007342134778984821,1326.5762913991216,0.05916481701188117,0.9895438066865874,0.9906932384686796,0.0010941571152261601,0.9902470276154678,0.9911222873659988,0.28336536157736153,0.09195893834871337,24.44021936744146,20.0,18.0,2.0,9.781167950529577e-06,0.0022714972121722545,0.0002778339206331859,0.926174194676485,16.725206916263634,5.6925247920444235,1,True,transit,TIC_403287048.csv,1.22,6347.0,0.6695675243795404,15674.331705434752,0.0432833747063889,Success
,,,,,,,,,,,,,,,,,,,,,,,53.10592300002463,1,True,transit,TIC_156816238.csv,,,,,,Required feature(s) not computable: ['transit_shape_ratio']
11.692009332347217,10.882349647426556,8.0032e-05,2.9451680602771417,0.026587808141223856,3099.0075218303064,0.053895865256044936,0.9958273907402526,0.9960883431529859,9.607384577598942e-05,0.9960652564761815,0.9961143896601495,0.1837856950013336,0.058091287976947945,44.13750990821879,8.0,7.0,1.0,1.890248643246547e-06,0.0010239708724360378,0.00040756629071880823,2.50370403948333,18.476879181906465,35.11939925001934,1,True,transit,TIC_35315453.csv,2.05,6849.0,2.946931812775837,4345.245007335574,0.0692091833865041,Success
13.294566061616287,13.108156913464521,8.0032e-05,1.6198559359540026,0.013950408443201723,2202.7103823360912,0.14783617231562568,0.9974765108231677,0.9977716509280983,2.620301951922235e-05,0.997744318302505,0.9978025789863204,0.7851364734653484,0.04517600991414731,98.14392490844212,16.0,15.0,1.0,8.620595011719381e-07,0.0001723639002551613,0.00219596230624286,0.0599563197009279,6.747174897721147,102.05286245793104,1,True,transit,TIC_37084932.csv,1.0,5778.0,1.6228418089172276,2258.631648403231,0.1617690245812787,Success
7.576185571439342,7.437473648468766,0.003361345,2.5610315549715583,0.023301236650499213,2392.0869853736726,0.15673440214488255,0.9980207879495792,0.9981904819668028,5.40674659888854e-05,0.9982765972014865,0.998061405011475,1.3613804097141713,0.04000859589860479,30.406934816529336,11.0,10.0,1.0,3.912044351391597e-06,0.00031433723840165886,0.0011506356650680116,1.1272257379950967,6.3675924002123425,28.961368415970355,1,True,transit,TIC_233720539.csv,2.48,6454.0,1.2152026170951626,5868.082622177418,0.0245652669616139,Success
8.98138810192221,8.639219382244441,0.000240096,3.0583539130788684,0.030066245622638377,2964.278795780265,0.09935474833447523,0.9960228557831098,0.9966184125590988,0.0005224011605357208,0.9960971534417337,0.9970093568971229,0.6233970456265341,0.05671433139348433,6.300008500194158,8.0,7.0,1.0,0.00014293771575347604,0.0005505036959215294,-3.066178937483066e-05,0.05323941259569384,10.024914485516325,77.1809472090099,1,True,transit,TIC_131581522.csv,1.08,5657.0,4.77189559377032,2700.988966650386,0.0993401577678066,Success
,,,,,,,,,,,,,,,,,,,,,,,65.65896920894738,1,True,transit,TIC_87044036.csv,,,,,,Required feature(s) not computable: ['FAP']
14.091593360886527,13.000137896864908,8.0032e-05,6.894935355467479,0.05241228957459443,2336.789949087366,0.17863132210237262,0.9980010360394951,0.9982490143167931,6.49694105436629e-05,0.9983052761171612,0.9981909078672324,0.6227648916755156,0.04020773685571413,25.991081272304136,4.0,4.0,0.0,2.198984777311214e-06,6.156975882779187e-05,3.546211886606976e-05,0.537233272777967,5.586931923772843,56.99518887500744,1,True,transit,TIC_394509844.csv,1.41,5488.0,1.3073464361751277,979.0814947233662,0.0143767320456376,Success
9.970321835295925,9.604895395267336,8.0032e-05,2.8599084486055744,0.02636583008833049,1470.279796042634,0.09294752592993757,0.9986295331446166,0.9988114690065878,6.549060711314495e-05,0.9988360589917148,0.9987778459657002,0.3131506816355166,0.0332921172245227,18.203272994811165,7.0,7.0,0.0,1.9713513696495264e-06,0.00013519778490542582,0.0003083799689491684,-3.6824844167864703,10.744014142962431,26.95296766597312,1,True,transit,TIC_427352241.csv,1.87,6084.0,2.8570879805079743,1255.4073857276028,0.0841113672450542,Success
6.876839389564188,6.0277644635671335,0.011604642,7.103810296788232,0.038074618751616995,3290.1884804588617,0.05900738698889339,0.994629949045452,0.9951496270527971,0.0007560365799258641,0.9935873754003225,0.9959399425946371,1.0609618909343823,0.06590165938343817,6.402644840050241,4.0,3.0,1.0,7.313699838432739e-05,0.001124480635054592,0.0004963635623258522,0.014267882812585236,16.85602430137544,72.16060987499077,1,True,transit,TIC_9830791.csv,0.99,5244.0,11.461820859706124,214.72521040877268,0.0159656509289294,Success
18.594383748877046,18.595817045819278,8.0032e-05,1.1396163380438944,0.003191891520224144,2391.6923833270585,0.03352052190765167,0.9918479913941914,0.9930720069156744,0.0001747034775318089,0.9930873164637262,0.9930565910513166,0.062179424962676526,0.08119690240364882,57.31845441482323,24.0,24.0,0.0,8.679327702575773e-06,0.00044777521389507074,0.0009632000000000529,0.7194350559676775,29.589276507290425,142.91003129200544,1,True,transit,TIC_841226527.csv,1.0,5778.0,0.5695356247194069,7918.9695108635715,0.0327857473557182,Success
,,,,,,,,,,,,,,,,,,,,,,,21.844997000065632,1,True,transit,TIC_349786918.csv,,,,,,Required feature(s) not computable: ['transit_shape_ratio']
,,,,,,,,,,,,,,,,,,,,,,,72.149093333981,1,True,transit,TIC_309402106.csv,,,,,,"Required feature(s) not computable: ['FAP', 'transit_shape_ratio']"
16.22190371094038,14.758874613320744,8.0032e-05,2.743177258214704,0.014958351791232394,3832.444609703184,0.030003679337203437,0.9874514154379322,0.9887162420030666,0.00043814943427095815,0.9895601430883244,0.987882040930283,1.3692917386843462,0.10074059640766624,39.920846845297895,9.0,8.0,1.0,1.3847847468194812e-05,0.0019643131434216236,0.000445029435658828,72.2047563014756,32.911010824380114,60.838542499928735,1,True,transit,TIC_309436531.csv,1.25,6189.4,2.742103094475423,11631.90321617802,0.0302018374706149,Success
,,,,,,,,,,,,,,,,,,,,,,,11.98375054099597,1,True,transit,TIC_241065596.csv,,,,,,"Required feature(s) not computable: ['depth_mean_odd', 'odd_even_mismatch']"
13.811547699503961,13.044290547523904,8.0032e-05,2.674125822136596,0.020528984206060308,2797.456133555722,0.07730762592059236,0.9957685577939128,0.9961654191268113,9.034505276941158e-05,0.9963414232271367,0.9958836433315792,1.788924589069757,0.05849939216926108,46.52690157732686,11.0,10.0,1.0,3.643175967963551e-06,0.0008273681500469057,-0.000451508833228198,1.9871664084931735,12.88059937083996,64.15219191694632,1,True,transit,TIC_294179389.csv,1.32,5938.0,1.6393421175178642,109.3663260851585,0.0284806582769827,Success
12.745327068142668,11.67498368260525,8.0032e-05,2.9928176906928154,0.011822727077448247,2991.931112382956,0.08222164586638465,0.9975822913701035,0.9977377107432178,0.000275989719003481,0.9977447923653288,0.9977270883100515,0.022417222803701106,0.04421902140966971,8.774743831995696,8.0,7.0,1.0,2.6245670885882767e-05,0.000574171820895698,0.00016993435960244163,1.3627683447460721,12.132842645733916,84.76843187503982,1,True,transit,TIC_290302097.csv,0.89,5301.0,8.64949778393867,1027.0072446033619,0.0458313620928452,Success
13.06571086896854,11.775994646317669,8.0032e-05,1.496668333234269,0.0068998384861321815,2392.1315514870184,0.08368650271687887,0.998994869765139,0.9990820801025948,5.384422448443027e-05,0.9990769540387711,0.9990871819297104,0.06717408783592436,0.02851138504955286,17.16145644712484,18.0,14.0,4.0,2.409080427212344e-06,0.00022421943875872326,0.0005964782074795449,-0.7517251723780753,11.937347568996332,91.25761045806576,1,True,transit,TIC_287190564.csv,1.0,5778.0,3.315208421217795,788.5605691931863,0.0914212425579861,Success
11.05924423227107,10.267651336391143,8.0032e-05,3.681804191398555,0.027791936558258845,2721.09320659602,0.09464760750297116,0.9985981646159344,0.9988240181661947,0.00017275087914572854,0.9991301433016266,0.9985178930307625,1.2579436709957634,0.03367097216985328,6.761823713105938,6.0,6.0,0.0,1.2285093123295892e-05,0.0003814115697004934,4.269129391443194e-05,-0.7422053995153834,10.55069632462275,121.88139300001785,1,True,transit,TIC_137157546.csv,0.79,4939.0,0.7250270871718887,439.77325288435674,0.0625691322441805,Success
15.220006298471098,14.408023600043933,8.0032e-05,5.0206499367417035,0.02691010012758266,1521.8369453034306,0.028379636944650174,0.9932749773083528,0.9933013696576319,0.00017810592474844561,0.9935096152764569,0.9930824447763025,0.8719807448768871,0.07374864135609334,67.48405952136591,5.0,4.0,1.0,6.944348514520694e-07,0.00024168228682596435,4.404451452444391e-05,-0.007091969578418441,34.99956603551951,98.47147329105064,1,True,transit,TIC_344926234.csv,1.0,5778.0,2.5109609946455684,6503.371306144423,0.0324070221459689,Success
17.640359057564183,17.49497109313549,8.0032e-05,0.9668079696005863,0.002750996958732488,3611.0553812673907,0.029551668808204156,0.9970992818449991,0.9971727822911338,4.987704786102565e-05,0.997182682891542,0.9971628340916852,0.14088431582502603,0.04843506795553195,54.99979203411946,26.0,20.0,6.0,1.12038401483981e-06,0.00012537574063089494,0.0007822681895173211,0.906135039909581,33.74087901148187,123.03955633298028,1,True,transit,TIC_370759867.csv,0.97,5865.0,0.4836340746970882,2681.8646635438095,0.0379800581394006,Success
12.144404200719901,10.294603241197105,8.0032e-05,1.407104420968178,0.008388970064331813,3262.615651900614,0.020807401749471207,0.9943212252268606,0.9947787801021682,0.0004447954777068085,0.994846775623888,0.9947187840535917,0.10172172922726447,0.06776952927220667,16.604484241879366,17.0,15.0,2.0,2.2341523339554752e-05,0.0024628244806005413,0.0005238870906856263,0.0682626952738522,47.7868999310368,69.83782629098278,1,True,transit,TIC_350044062.csv,1.65,6031.2,0.7036806580089295,8533.53734288076,0.0129749599415502,Success
,,,,,,,,,,,,,,,,,,,,,,,329.74947433406487,1,True,transit,TIC_42123111.csv,,,,,,Required feature(s) not computable: ['transit_shape_ratio']
8.498104360204554,5.723976979197195,0.000640256,13.581132621217977,0.13127115529492794,2825.4135880810645,0.16216040813096985,0.9975359163097796,0.9978923016489331,0.00013924137139184405,0.998879816607278,0.9958140985276402,10.42114392938956,0.04464109860280975,30.070947157914865,3.0,3.0,0.0,9.962180072162548e-07,0.0017483968916727104,8.573738895878424e-05,-0.4518724147634697,6.151538022179332,84.46296779101249,1,True,transit,TIC_431148743.csv,1.0,5778.0,12.441601387290904,3225.3834472871777,0.0316287340423315,Success
,,,,,,,,,,,,,,,,,,,,,,,1.8521405000938103,1,True,transit,TIC_68152139.csv,,,,,,Required feature(s) not computable: ['transit_shape_ratio']
13.234007773965768,12.555615208552288,8.0032e-05,3.545159339830949,0.022859432111227207,2826.790722362611,0.07949789067187729,0.9929233937234685,0.9939910268705836,0.00019702349797548054,0.9941161912995768,0.9938653134747963,0.4504400854660888,0.07565186928387728,55.71530446479091,8.0,8.0,0.0,5.194871522763155e-06,0.0010465188558757032,-0.0015414089676391018,7.844493434432433,12.489933825058321,143.43878583307378,1,True,transit,TIC_404610583.csv,1.0424401,6084.0,1.0981163997764425,5177.315487937429,0.0251373487299327,Success
,,,,,,,,,,,,,,,,,,,,,,,10.35647408303339,1,True,transit,TIC_98494121.csv,,,,,,Required feature(s) not computable: ['transit_shape_ratio']
10.899968394684965,10.450170353570574,8.0032e-05,3.0185910401073395,0.022771568812796072,2611.8454698168407,0.0854368372219672,0.9896448094503685,0.9908993634994967,0.00038313605881082374,0.9910724646003813,0.9907644033191461,0.28417389754332356,0.09151371676975258,29.074223596095997,8.0,7.0,1.0,4.0970149361163997e-05,0.0013334968011979407,0.003074832220230528,-0.1972077792747119,11.583350245974634,77.59353462501895,1,True,transit,TIC_159334269.csv,1.18,6409.0,3.012274014949552,11270.448117329579,0.0894997932651437,Success
,,,,,,,,,,,,,,,,,,,,,,,90.43274375004694,1,True,transit,TIC_302766000.csv,,,,,,Required feature(s) not computable: ['transit_shape_ratio']
9.868969268372162,8.528272739889061,8.0032e-05,2.760638739202713,0.01925057076644121,3367.753375246479,0.0497900168035284,0.9977446895546009,0.9978424998613264,0.00022627002802713447,0.997953188915689,0.9977056758913508,0.3823201071249148,0.042708106053962296,9.993156359004354,10.0,9.0,1.0,1.4965214903477251e-05,0.0009094175245754093,-0.00011511662869345685,-1.2588765700205786,20.039051071055173,52.00055379094556,1,True,transit,TIC_199162630.csv,1.78,7776.0,5.493966872707417,3178.7200472972454,0.007778150134211,Success
,,,,,,,,,,,,,,,,,,,,,,,176.88509029196575,1,True,transit,TIC_151728428.csv,,,,,,"Required feature(s) not computable: ['depth_mean_odd', 'odd_even_mismatch', 'depth_consistency_std']"
,,,,,,,,,,,,,,,,,,,,,,,71.83766550000291,1,True,transit,TIC_470315428.csv,,,,,,Required feature(s) not computable: ['transit_shape_ratio']
,,,,,,,,,,,,,,,,,,,,,,,76.19683370797429,1,True,transit,TIC_404518509.csv,,,,,,Required feature(s) not computable: ['transit_shape_ratio']
6.30878352995324,6.093388474437928,0.032412965,7.069403449287267,0.11111943225189114,2990.6471484955096,0.06801725051868324,0.9964645458912925,0.9970306327142069,0.00029444543217700263,0.9966643351690612,0.9973969302593526,0.8854211527421674,0.05347240887053037,10.993080575958036,4.0,4.0,0.0,1.4287331072516357e-05,0.0005500231319605334,1.7025342219145756e-05,-0.1822821800517954,14.65017386460777,35.90352329099551,1,True,transit,TIC_189620016.csv,2.6058199,6127.1,0.6712577897464186,2239.199721481566,0.0183660170814084,Success
,,,,,,,,,,,,,,,,,,,,,,,37.83406345802359,1,True,transit,TIC_247873937.csv,,,,,,Required feature(s) not computable: ['transit_shape_ratio']
,,,,,,,,,,,,,,,,,,,,,,,426.2219161669491,1,True,transit,TIC_432008938.csv,,,,,,Required feature(s) not computable: ['transit_shape_ratio']
,,,,,,,,,,,,,,,,,,,,,,,53.17086420801934,1,True,transit,TIC_101929303.csv,,,,,,Required feature(s) not computable: ['transit_shape_ratio']
12.570553362068619,12.150690843204229,8.0032e-05,3.185688987644344,0.02099040672653274,2393.1217126243905,0.06715227277392781,0.9967288468365516,0.9972263448758583,0.00018733597467950367,0.9973645760686051,0.9970539121508852,0.5845113219777626,0.0514348628941391,45.97055448734316,9.0,9.0,0.0,1.7826739950651202e-06,0.00024924773776995274,0.00011244769941609611,-1.411073397260487,14.842816269109752,46.26342187507544,1,True,transit,TIC_137500798.csv,1.67,6653.0,3.179248432850296,7494.787412747561,0.026995779247987,Success
11.650096701960809,11.022155552419004,8.0032e-05,0.5331826014513099,0.001728981234879301,1683.8736961903803,0.036724765019685225,0.9996908901569197,0.9997256075293359,3.478095613866999e-05,0.9996641637540086,0.9997955128415196,1.3373841330631597,0.015811153834910156,7.822960506630641,50.0,39.0,11.0,1.241163312522019e-06,0.00020744463161170731,0.00023795307430152235,0.4848062609164932,27.221165053637918,143.88674920902122,1,True,transit,TIC_233541860.csv,0.71,4154.0,0.8084555662307419,957.4102194059852,0.0105063088791761,Success
,,,,,,,,,,,,,,,,,,,,,,,3.701122291968204,1,True,transit,TIC_373453507.csv,,,,,,"Required feature(s) not computable: ['FAP', 'transit_shape_ratio']"
,,,,,,,,,,,,,,,,,,,,,,,211.4496030419832,1,True,transit,TIC_125894957.csv,,,,,,Required feature(s) not computable: ['transit_shape_ratio']
17.020676861829106,14.499497627033563,8.0032e-05,3.1277132678151798,0.014304038364958638,2476.864719233603,0.03303308474078647,0.989505104113671,0.9901969635003002,0.0005888012845447393,0.9854505697317406,0.9998917252403368,35.416741058291265,0.09212896964618995,76.32500905103494,7.0,6.0,1.0,2.40337977296105e-06,0.0068108233849882285,0.0001715176746712732,-2.0610162197680673,29.954971262248282,69.27656449994538,1,True,transit,TIC_312122956.csv,1.0,5778.0,6.256047609542118,13942.698474210812,0.0400253149859785,Success
,,,,,,,,,,,,,,,,,,,,,,,304.4967223749263,1,True,transit,TIC_276380902.csv,,,,,,"Required feature(s) not computable: ['FAP', 'transit_shape_ratio']"
,,,,,,,,,,,,,,,,,,,,,,,218.84537075005937,1,True,transit,TIC_141616639.csv,,,,,,Required feature(s) not computable: ['transit_shape_ratio']
,,,,,,,,,,,,,,,,,,,,,,,38.41369504202157,1,True,transit,TIC_294315741.csv,,,,,,Required feature(s) not computable: ['transit_shape_ratio']
8.633700292149259,7.687488963439195,0.00040016,7.475744157176356,0.10905691207996782,2918.995610828427,0.1228335014738785,0.9990398785554693,0.9991860137141414,6.11442264030462e-05,0.9992003816818565,0.9991572777787114,0.23792852968387992,0.02786571761617175,16.04401999465068,3.0,3.0,0.0,4.0406429327744436e-07,2.0665309315706708e-05,-5.150631438755049e-05,-1.388858696509859,8.13328502866071,13.983469999977387,1,True,transit,TIC_73104318.csv,2.45,5029.7,10.685773392130995,124.52157444076128,0.0162148910054891,Success
,,,,,,,,,,,,,,,,,,,,,,,150.9331651669927,1,True,transit,TIC_4294779.csv,,,,,,Required feature(s) not computable: ['transit_shape_ratio']
,,,,,,,,,,,,,,,,,,,,,,,47.011159333982505,1,True,transit,TIC_400395395.csv,,,,,,Required feature(s) not computable: ['transit_shape_ratio']
10.860744689277848,9.916943240924303,8.0032e-05,4.84905563284771,0.05308543171633939,2448.5675446444748,0.07877167576853716,0.9960214523443726,0.9961659908274121,6.889869850434938e-05,0.9961649817531637,0.9961670457686719,0.010725576609902423,0.05672433707403456,23.39388623053342,5.0,4.0,1.0,2.2180187297048384e-06,0.0001422832494118396,-0.0007105789072592295,0.3189715289290946,12.644411111312191,20.48347833403386,1,True,transit,TIC_34551972.csv,2.0394399,7259.3,4.838728609281858,1822.2076020442123,0.0291969762389258,Success
29.044779113792888,27.862572986179522,8.0032e-05,2.12874943218194,0.003732634338234675,2882.6183422553304,0.028862881974957233,0.9972975563753443,0.997701099877114,0.00012787596581342894,0.9977413763611297,0.997653747794555,0.2414518749752955,0.04675041477292222,69.8921716668027,13.0,13.0,0.0,1.966299252526304e-07,0.00024667705085406987,3.961739289704003e-05,-1.0310203052838334,34.55294440938523,192.62720845791046,1,True,transit,TIC_26433869.csv,7.83,4963.0,2.1280435426354405,3186.167509964033,0.0202850628573429,Success
,,,,,,,,,,,,,,,,,,,,,,,39.33809845801443,1,True,transit,TIC_233503636.csv,,,,,,"Required feature(s) not computable: ['FAP', 'transit_shape_ratio']"
8.063269089754828,6.608702284341504,0.001280512,4.711099126609117,0.0247209329333824,1522.499979009148,0.028379636944650174,0.9995612731490933,0.9995789274322245,8.618419456804034e-05,0.9994697707975595,0.9996880840668894,0.9355330184989027,0.018836675414489187,5.773239613651475,5.0,4.0,1.0,4.484693103211881e-07,0.0002468115884610036,1.998577274697766e-05,2.7767729401613517,35.221073303318626,45.08729466702789,1,True,transit,TIC_344926234.csv,1.0,5778.0,12.37703028380119,2016.2665866934049,0.0117640011345579,Success
10.266379305443355,9.791945670114755,8.0032e-05,4.453883960705759,0.04449864780270696,1328.771020286644,0.16720756175085844,0.9934234963256262,0.9940885899013995,0.00019858696349083906,0.9940491289668575,0.9941301341772062,0.14423125241711454,0.07292974253793717,28.044685606454227,6.0,6.0,0.0,2.86459332284707e-05,0.000493308035025308,-0.0007030403026619947,0.3465391236600388,5.941259389966112,21.01254320796579,1,True,transit,TIC_260609205.csv,2.23892,6354.0,1.1061417227768544,412.86853294120186,0.0290766167592161,Success
,,,,,,,,,,,,,,,,,,,,,,,48.081729665980674,1,True,transit,TIC_443658196.csv,,,,,,Required feature(s) not computable: ['transit_shape_ratio']
8.809806376803575,7.348161146771937,0.000240096,2.6900943704799793,0.01903577264619627,1602.6989173910888,0.047563459281723855,0.9996171039504472,0.9996467144035367,4.894226364275469e-05,0.999659375585481,0.9996339290923575,0.1838990476618978,0.01759736287276604,7.408285408544228,8.0,6.0,2.0,4.6656603842900197e-07,6.299655219813328e-05,-8.276072067436857e-06,1.1487550097617087,21.016492892781407,21.04999750002753,1,True,transit,TIC_293708935.csv,1.51715,5796.0,4.195579328933845,2073.152139999146,0.0080766475707038,Success
8.45949615599718,7.6606188043460195,0.000640256,1.5490297088989526,0.009678965431458963,1711.5935955551295,0.07492630755419254,0.9997510275002439,0.9997680401547024,2.9288702730192208e-05,0.9997531024348552,0.9997830181379457,0.3613534398566113,0.014190014417812718,7.80285129653327,17.0,14.0,3.0,6.575588459454589e-07,0.00011608454691406202,0.00013796556061174137,-0.15411972724710826,13.343124199429502,20.716333416989073,1,True,transit,TIC_267489265.csv,1.86,7851.0,6.771148544758696,118.99266718684575,0.0908246882163245,Success
11.35551431723255,11.310014922005495,8.0032e-05,1.70465917812069,0.010182909570944032,3042.5030709563725,0.043957745430619435,0.9964223793328372,0.9969662769769183,0.0001694601002615015,0.9970468246108484,0.9968737018682385,0.3604054429975389,0.05379034034627349,51.28685391703528,15.0,15.0,0.0,1.972063994414909e-06,0.0003117972453689776,0.00016681167081122883,0.3755481222664109,22.667731694873595,46.154450792004354,1,True,transit,TIC_231721005.csv,1.78,9671.0,0.8535843733312999,6991.823740685188,0.0211420754392641,Success
8.37754683925386,8.208982674495461,0.00080032,2.040274674351942,0.01238822252622862,1573.3588121356838,0.025770743733298556,0.9968671583912645,0.9970767827534334,0.00028961368559891134,0.9971834046718502,0.9968901943962036,0.3808748759576477,0.050335729368559255,10.42432853227295,11.0,10.0,1.0,8.697674702973423e-07,0.0009102153918639302,0.00018327861192524164,0.2957938602491225,38.682126084828724,2.4573671669932082,1,True,transit,TIC_219766989.csv,1.53,6095.0,1.4064745016353406,1205.2447268108278,0.0084391155995584,Success
,,,,,,,,,,,,,,,,,,,,,,,205.16333937493619,1,True,transit,TIC_339591840.csv,,,,,,Required feature(s) not computable: ['transit_shape_ratio']
7.975278180668476,7.759974877065142,0.001360544,3.411773910818243,0.038175008472715266,1468.9445719110313,0.11223003544785166,0.9988515288353899,0.9990244313051532,3.2817521319006357e-05,0.9990610467810627,0.9989747935888572,0.9304316991651159,0.03047664768931211,36.2916494226562,7.0,7.0,0.0,4.0460284035152554e-07,0.00011291437703539184,0.0002894690254144905,0.7529813866421695,8.900037542084819,18.158953416976146,1,True,transit,TIC_255760319.csv,2.14,5920.4,1.7096342230768342,1156.5131330559807,0.1023617340411732,Success
6.464310603679535,6.031028377484264,0.023529412,9.127712191740825,0.07558943606327873,2971.127418975855,0.05274325983557919,0.9971641069594379,0.9976801528497715,0.00040996102455968504,0.99721924039796,0.9981410653015831,0.8022876966356742,0.04789079761869276,6.76856306568468,2.0,2.0,0.0,8.922359390991522e-06,0.00046091245181156815,0.00012675940393436225,0.39436957601484907,18.906000692182808,47.56885462498758,1,True,transit,TIC_344085117.csv,1.25112,5832.0,9.13886119270836,4582.944379786014,0.0273429009376958,Success
21.66590499404849,21.648589113750333,8.0032e-05,0.8015284805895814,0.0027780895105301018,1386.6188947184403,0.018903137214805254,0.998508091404571,0.9986523934779715,7.69753470505496e-05,0.9986524008550505,0.9986523861008929,6.776886096538337e-05,0.034735875928976145,51.322006454051795,25.0,24.0,1.0,2.579479113221124e-07,0.0001304547537981485,8.537523377638578e-05,0.4000517556291151,52.82234795515967,54.09153762506321,1,True,transit,TIC_404518509.csv,1.0,5778.0,0.8011656847935299,2537.1985180308034,0.0101836734150486,Success
8.655667269000109,8.108583553629341,0.00040016,4.870021748417522,0.05412706982061444,3832.4248761567264,0.05971540861407338,0.9964364200432293,0.9966450268836481,0.0003013790498760531,0.9961950061068175,0.9970950476604781,1.0627812958730412,0.05368468394279978,10.730936662591043,5.0,4.0,1.0,1.6731164441964612e-05,0.00048624768136813507,-0.0001876899354029682,0.024718197832885532,16.686420526450103,22.85932462499477,1,True,transit,TIC_365952328.csv,2.11,6085.0,1.1817474899411855,2044.365027429218,0.0081944652419049,Success
14.248642687657886,12.157125687456846,8.0032e-05,1.5222484659886362,0.0041882351695657905,2912.2157385426353,0.039465668833398714,0.9933657065577832,0.9937601204858745,0.0005043476216994371,0.9948503491444187,0.9926536197577999,1.5492514082325293,0.07324946976868035,12.892145490035418,17.0,15.0,2.0,9.495895448162177e-05,0.003419960383668906,0.001062296025056031,0.6779484153226877,25.170375567463463,83.87063608306926,1,True,transit,TIC_354442783.csv,0.8,4654.3,4.236059934203683,6167.397620140402,0.0097239404964508,Success
5.825634925617354,5.148952349795189,0.07595038,0.6740497296556345,0.001752109731692042,1411.2822633125843,0.010509974157783198,0.9843909411465734,0.9802399813531615,0.003726930567950546,0.9814892549824527,0.9788657803609412,0.2483985976024516,0.11235580246568813,5.455666924382818,38.0,31.0,7.0,0.003030804150361772,0.02490113013603798,0.002482604989536008,1.6629180706399922,93.66254629823037,71.59541633410845,1,True,transit,TIC_77228304.csv,1.0,5780.0,0.9793387209290396,5233.176498508629,0.0248119776709507,Success
7.22889900645437,6.837828768812839,0.006482593,1.96913774445392,0.011827831429944924,3690.5557873243606,0.04247424890275445,0.9973804071106479,0.9977434248187326,0.0003358812502320271,0.9974676502590385,0.9980166459102817,0.5784236531536472,0.04602820601830477,6.518603709467281,14.0,14.0,0.0,5.14698012799734e-05,0.000934104111843247,0.0003285126097826163,1.1921697622864171,23.482002221962023,35.0451601248933,1,True,transit,TIC_268439377.csv,1.76,6198.4,4.169960965391902,1829.8225268960077,0.0136788525897458,Success
10.89798550790544,8.028746113745418,8.0032e-05,5.337932910987083,0.03407994461789521,2612.4759505163156,0.04689473621686798,0.9958775535408768,0.9960804449452612,0.00018144890568092627,0.9964811628181178,0.9956797270724044,1.6054988043487046,0.057741047564240436,34.998717399650346,5.0,4.0,1.0,1.646449440083576e-06,0.000408156707620108,-0.00020307198306168672,0.15887654821793207,21.23644643047722,54.43417441705242,1,True,transit,TIC_450327768.csv,1.26,5776.0,0.782097507607159,1058.590894441158,0.042825291288214,Success
,,,,,,,,,,,,,,,,,,,,,,,5.372151458985172,1,True,transit,TIC_467006627.csv,,,,,,"Required feature(s) not computable: ['depth_mean_odd', 'odd_even_mismatch']"
15.230332658693198,13.02570292150434,8.0032e-05,4.32005511035333,0.02448366280503489,2797.9842851483513,0.09096525296154988,0.9930518512223063,0.9937216565139949,0.0002425321765776633,0.993735331818182,0.9937077708205129,0.0402596014472424,0.07496209257991508,26.78789075593698,7.0,6.0,1.0,2.123613052348581e-05,0.0003392037755154113,-0.0006516999999999218,-1.2634841909485017,10.91682613846036,39.54294654203113,1,True,transit,TIC_1965256662.csv,1.25,6017.0,6.006970824991229,633.7399473815841,0.0293898793949745,Success
6.737782066172841,6.033694947039466,0.014805922,3.432746231476961,0.04038066657325645,1658.6313641782403,0.0761416218636351,0.9964781013830777,0.9967344920694184,0.00023992732540806174,0.9968174667125116,0.9965708057280446,0.3470754548599887,0.05336979957275389,19.750769755269626,7.0,6.0,1.0,8.987379387210313e-06,0.0006530037781231837,-0.00043320724021889134,0.422585770347248,13.087166742622161,17.6381528750062,1,True,transit,TIC_220435095.csv,2.6126101,5620.9,3.3458696024154966,2195.086724228412,0.1098888499034515,Success
17.02667222911053,16.302406640348437,8.0032e-05,0.49544868651078217,0.0013105973101751323,2144.779060142686,0.025337676638072647,0.9966324593817473,0.9970225570332286,0.0002261077004663229,0.9974764604337388,0.9965740572446291,1.4289793890588833,0.05218714856180489,12.801669662687447,51.0,46.0,5.0,9.007575911213902e-06,0.0015258562530258326,0.0015051469764352232,0.8500204991536272,39.33401130726396,16.040090000024065,1,True,transit,TIC_71401634.csv,0.75,4886.0,11.15937204985479,1244.807987944796,0.0065971072144537,Success
,,,,,,,,,,,,,,,,,,,,,,,37.24875949998386,1,True,transit,TIC_48476907.csv,,,,,,Required feature(s) not computable: ['transit_shape_ratio']
10.479674420335964,9.948857102358474,8.0032e-05,1.3307623325980993,0.0077307783611151315,2991.1459019430376,0.0970790334543185,0.9986038391616178,0.9988105720865607,0.00014981373453251597,0.9987669708262812,0.9988548063959911,0.20729954310181722,0.03360275402465742,8.036135759602812,17.0,16.0,1.0,2.4350909222736206e-05,0.000505104755583696,0.0008449619943108333,1.3187013773309435,10.286503724117946,23.660372292040847,1,True,transit,TIC_22020459.csv,1.67,6561.0,12.768551291496497,4124.649996735563,0.012236086779504,Success
,,,,,,,,,,,,,,,,,,,,,,,282.94265379104763,1,True,transit,TIC_315755496.csv,,,,,,Required feature(s) not computable: ['transit_shape_ratio']
,,,,,,,,,,,,,,,,,,,,,,,25.061594792059623,1,True,transit,TIC_251209368.csv,,,,,,Required feature(s) not computable: ['transit_shape_ratio']
9.456489690435564,9.373598597273853,8.0032e-05,2.7566531533897485,0.029350105739367027,2420.673608085194,0.04412403015173489,0.9979879735602828,0.9982914910313749,0.00014092461286709289,0.9982854581764953,0.9982976391637363,0.030558437125589557,0.04033889417325779,19.326978946370527,10.0,10.0,0.0,2.523424965939638e-06,0.00017413521272669323,0.0001938464440873755,0.1479355995326358,22.61778831462981,24.476511124987155,1,True,transit,TIC_277014266.csv,2.67,5924.0,1.3804527423227844,4123.09884812001,0.0200997222912242,Success
,,,,,,,,,,,,,,,,,,,,,,,35.55967062502168,1,True,transit,TIC_453230066.csv,,,,,,Required feature(s) not computable: ['transit_shape_ratio']
,,,,,,,,,,,,,,,,,,,,,,,94.03858041588683,1,True,transit,TIC_69672493.csv,,,,,,Required feature(s) not computable: ['transit_shape_ratio']
8.548040366885562,4.422794958521945,0.000480192,5.768033337868787,0.04741591125400646,2830.2807019825523,0.05538898644952688,0.9980401800524712,0.9981025016154844,0.00026394743559298535,1.0000876956803322,0.9961173075506368,8.433998848330544,0.03981211351541039,20.935887074886562,4.0,4.0,0.0,9.324580933571579e-07,0.001991477659034708,4.489442114796738e-05,0.09543698555961376,18.01874784190055,29.306292124907486,1,True,transit,TIC_468472950.csv,1.69,6301.3,11.561626848796536,5590.881917306944,0.0454123082885656,Success
9.621426065472711,9.076780602788773,8.0032e-05,2.2908475256277088,0.023319256800833132,2883.4919457980645,0.0961767700368987,0.995792856374676,0.9964346748453926,0.00024408854685723807,0.9963105458639673,0.9965588038268179,0.3597182930204506,0.05833118725845392,16.050241744019374,12.0,12.0,0.0,4.135361273031722e-05,0.0008450792856546586,0.0004244247595072137,0.2867409150382353,10.353777278989876,34.50689208402764,1,True,transit,TIC_284305328.csv,1.87,6620.0,1.966377513188869,7758.736443423842,0.0240244968553533,Success
5.853203179903656,4.583497235261986,0.072268908,0.803447653567391,0.0021542232741703082,1601.763742105992,0.02912782234493278,0.999679875941232,0.9996830872439043,7.889679493586325e-05,0.9996231496643764,0.9997424512580777,0.5350276135270132,0.0160903801238081,3.9400430396149386,28.0,20.0,8.0,2.6838438486596543e-06,0.0003160500411118088,4.889639211858032e-05,1.2483758028361693,34.32044675715832,43.09240566694643,1,True,transit,TIC_326470400.csv,0.86,5659.0,10.891308883921743,991.212610164438,0.0161795292249069,Success
,,,,,,,,,,,,,,,,,,,,,,,20.432857500039972,1,True,transit,TIC_313891529.csv,,,,,,"Required feature(s) not computable: ['depth_mean_odd', 'odd_even_mismatch', 'depth_consistency_std', 'transit_shape_ratio']"
23.11131656049969,18.584729725685,8.0032e-05,8.21636502414254,0.03901581493159423,2581.1361857179604,0.05585809226363873,0.9841232247507411,0.9815844786209192,0.0005260019157730835,0.9825102826474618,0.9801402243395126,1.8784414677204002,0.11331523279258679,28.10844674034155,4.0,4.0,0.0,2.6100206124695184e-05,0.001573252045023118,-0.0006365792449711805,-0.5627610118682815,17.618274897500644,88.59622279193718,1,True,transit,TIC_373614579.csv,0.824569,5236.1,1.5872090763308222,192.75188475842418,0.0247359099911617,Success
,,,,,,,,,,,,,,,,,,,,,,,26.621441291994415,1,True,transit,TIC_399444057.csv,,,,,,Required feature(s) not computable: ['FAP']
9.087797822541727,7.63739121148747,8.0032e-05,1.7354509635821767,0.010562484485495127,2582.6461328720543,0.06773431461178353,0.9976704474273933,0.9977033169664064,0.00018599573504218106,0.9977680874305535,0.9976385465022587,0.2462830652518592,0.04340536422028579,12.016072583228146,14.0,12.0,2.0,2.14367697220725e-05,0.0008276523032595033,0.0005361745520466865,-0.47366312910651404,14.729173139870108,29.394234250066802,1,True,transit,TIC_267484653.csv,1.72093,5540.0,6.520417239710204,1109.1576892872101,0.0207266431156981,Success
14.657042519408256,12.194687149734333,8.0032e-05,3.1369345275209035,0.021627056310698167,1520.4241943803395,0.03950277414702255,0.996946192419639,0.9970963298963189,0.00021821688079922395,0.9971623935739804,0.996997813885771,0.260459367863889,0.04969674919566631,47.92591888143184,7.0,5.0,2.0,5.441239568528244e-07,0.0005048932493934575,0.00010236209225444881,0.009211342124038523,25.237371651651003,42.409319124999456,1,True,transit,TIC_344926234.csv,1.0,5778.0,3.1424189342887296,4689.963968533384,0.0343680550313336,Success
8.085872533496346,8.166656356995237,0.001280512,6.95183006190472,0.09076296810936535,1392.0029429875783,0.0796428321503767,0.9684527885379091,0.9784920098220549,0.0035675127225492623,0.9784731588165204,0.9785297118331238,0.005367458372692154,0.15973042061537948,22.681743207686612,3.0,3.0,0.0,6.346035643859337e-06,8.161383683439152e-05,5.182104901901852e-05,0.005370367252775912,12.159949142809689,1.1018300829455256,1,True,transit,TIC_49617263.csv,1.83,5485.4,3.4792976823915422,26892.625206592413,0.0694504920710264,Success
18.180439468137223,16.523153830713124,8.0032e-05,5.74473500759957,0.03117436947136243,2395.0652555597903,0.04660742128327737,0.9945043374271249,0.995335112454901,0.0001694474916194802,0.9953936860218525,0.9952468149883025,0.30989367255487366,0.06666796161435248,56.16264010862517,5.0,5.0,0.0,1.0669217853974326e-06,0.00020136667451356536,0.00012253520725735711,3.0595248167975435,21.33789662771904,75.72960625006817,1,True,transit,TIC_138361973.csv,1.13,5900.4,5.740960627152154,5357.705963553006,0.0450461361116515,Success
,,,,,,,,,,,,,,,,,,,,,,,5.919578791013919,1,True,transit,TIC_27677846.csv,,,,,,Required feature(s) not computable: ['transit_shape_ratio']
,,,,,,,,,,,,,,,,,,,,,,,210.68875437497627,1,True,transit,TIC_237808867.csv,,,,,,Required feature(s) not computable: ['transit_shape_ratio']
10.561056805828569,10.586798923916398,8.0032e-05,1.2556674526904508,0.00945682548699911,1412.0784910051768,0.08401641379262785,0.9959586066052559,0.9962029081444279,6.14620686646959e-05,0.9964501900723066,0.9959377072362684,2.9684622401682663,0.05717059478437556,56.71485770329129,20.0,17.0,3.0,4.53954401002503e-06,0.0005884736979891486,0.0030696309778783792,1.019309840297589,11.854333714641934,39.070127708953805,1,True,transit,TIC_92359850.csv,1.57,6270.0,0.6285025673959744,3765.868969741404,0.1006493470806256,Success
,,,,,,,,,,,,,,,,,,,,,,,51.45941866596695,1,True,transit,TIC_394509844.csv,,,,,,Required feature(s) not computable: ['transit_shape_ratio']
,,,,,,,,,,,,,,,,,,,,,,,90.3114174590446,1,True,transit,TIC_684936227.csv,,,,,,Required feature(s) not computable: ['FAP']
10.885957196010503,10.985741063372238,8.0032e-05,0.9369020970998938,0.00532276027110995,3533.8719061652937,0.08033601034193479,0.9936675620269773,0.9945623435697079,0.00022869538912962976,0.9947970840041641,0.9943336965210655,0.7164285879567546,0.07156367242310964,22.77263659798595,28.0,28.0,0.0,9.08011642976377e-05,0.0012906467226117225,0.004751241258301175,0.999024407414277,12.36889357335051,56.19305791601073,1,True,transit,TIC_452483795.csv,1.32,7143.0,0.4685617838324166,5040.255752331802,0.1844244714687037,Success
8.050011165721859,6.830279290576979,0.001280512,1.8667825322628464,0.0033660821415641973,2202.2851248902575,0.03243565788157024,0.9998275358553947,0.9998400473738889,3.8866961859360474e-05,0.9998413756171872,0.9998384881317558,0.026303455843915847,0.011810181071833759,4.103006116917104,14.0,13.0,1.0,3.8019868235294435e-07,7.904705439754627e-05,2.697997354350612e-05,0.3239211360350902,30.82495010602178,117.00606725004036,1,True,transit,TIC_124709665.csv,5.73,8924.0,1.1938773923245938,59.210138876775176,0.1214108431838469,Success
,,,,,,,,,,,,,,,,,,,,,,,89.07139066595118,1,True,transit,TIC_376740324.csv,,,,,,Required feature(s) not computable: ['transit_shape_ratio']
13.259721837326566,12.673288005827569,8.0032e-05,2.5471154323615446,0.016443518885072894,3041.958154420229,0.07252339494149793,0.9635149020262658,0.9672203035627256,0.0013579583280186652,0.9672704462413466,0.9671709293542748,0.025908930390490314,0.17177695708754873,25.600211825620118,11.0,10.0,1.0,0.0008466733226469746,0.004095976657582224,0.0009359775660240377,0.54288489702168,13.285573611156778,68.51949262502603,1,True,transit,TIC_419858461.csv,1.12503,6748.0,1.147937118033697,9925.0224729992,0.0776035569070787,Success
,,,,,,,,,,,,,,,,,,,,,,,40.71735549997538,1,True,transit,TIC_370877263.csv,,,,,,Required feature(s) not computable: ['FAP']
22.666994211395348,22.347718274269756,8.0032e-05,1.0554723707015963,0.0016227998039974878,2229.751870203612,0.02053554950036214,0.9963973793365266,0.9966631488531297,0.00025152839076591555,0.9967262976380341,0.9965928240699411,0.18713902758105738,0.053977953477175315,34.53557535290702,24.0,23.0,1.0,2.8638611938685797e-06,0.0003050197865145088,0.00016385985553601934,0.004097877053032596,48.520609556562164,206.71293474989943,1,True,transit,TIC_155044736.csv,6.7996101,4897.0,0.5276365203871187,8055.729821840773,0.0084181504902684,Success
,,,,,,,,,,,,,,,,,,,,,,,79.62557191599626,1,True,transit,TIC_232967666.csv,,,,,,Required feature(s) not computable: ['transit_shape_ratio']
14.474632798051886,12.271875142963689,8.0032e-05,1.5222484659886362,0.0041882351695657905,2912.2157385426353,0.039465668833398714,0.9933624557444721,0.9937601204858745,0.0005043476216994371,0.9948503491444187,0.9926536197577999,1.5492514082325293,0.07326741374347921,12.903229937005847,17.0,15.0,2.0,9.480573885807284e-05,0.003419960383668906,0.001067978082411214,0.716827385793287,25.170293196800372,79.09778783295769,1,True,transit,TIC_354442783.csv,0.8,4654.3,8.205751163869225,1491.9094378456066,0.01474939288548,Success
8.696218116749524,7.753519764685457,0.000320128,3.4853668512020177,0.03272444410596953,3238.75155480173,0.06348031577696424,0.9974428445771206,0.9976070800020795,0.00014910997785766057,0.9973254127493363,0.998028033258927,1.6428747643431045,0.04547636142276221,17.666514325017122,6.0,5.0,1.0,4.128569868576644e-06,0.000765268125239861,-0.00020973109380539867,2.066908729942831,15.712632055606017,27.61820925003849,1,True,transit,TIC_91869778.csv,1.94,6539.0,4.3740584326241025,1123.631954881632,0.0286591218304,Success
,,,,,,,,,,,,,,,,,,,,,,,63.036326417000964,1,True,transit,TIC_367099243.csv,,,,,,Required feature(s) not computable: ['transit_shape_ratio']
9.464817235778916,9.156479497791146,8.0032e-05,3.0583539130788684,0.030066245622638377,2964.278795780265,0.09935474833447523,0.9960228557831098,0.9966184125590988,0.0005224011605357208,0.9960971534417337,0.9970093568971229,0.6233970456265341,0.05671433139348433,6.304616205407988,8.0,7.0,1.0,0.00014272715880748113,0.0005505036959215294,-3.066178937483066e-05,0.05323941259569384,10.024914485516325,64.17633487493731,1,True,transit,TIC_131581522.csv,1.08,5657.0,3.188370076151521,130.61319906837454,0.0277555797362043,Success
,,,,,,,,,,,,,,,,,,,,,,,44.29517270892393,1,True,transit,TIC_164150539.csv,,,,,,Required feature(s) not computable: ['transit_shape_ratio']
46.69605392073427,46.61713509849596,8.0032e-05,0.7896164062867933,0.0007115532713441453,3533.99270151387,0.06887277632924031,0.9812237714197044,0.9838203591240074,0.00012353363898591753,0.9838580269441534,0.9837819669227046,0.21772071837415677,0.12322854727827502,1649.533898635454,32.0,32.0,0.0,3.965155819837236e-07,0.00022883674887056008,0.017653765308436764,-1.847028173742159,14.246903112037325,211.05129679199308,1,True,transit,TIC_331484419.csv,3.81,5608.0,0.7894583148475163,17415.96669358636,0.0758924178887832,Success
,,,,,,,,,,,,,,,,,,,,,,,40.83822966704611,1,True,transit,TIC_187532854.csv,,,,,,Required feature(s) not computable: ['transit_shape_ratio']
,,,,,,,,,,,,,,,,,,,,,,,167.5845524999313,1,True,transit,TIC_167754523.csv,,,,,,Required feature(s) not computable: ['transit_shape_ratio']
9.569046372684365,8.739618342117899,8.0032e-05,2.9848449549828437,0.03545897917766716,2797.608494707715,0.10625751375344536,0.9987102650698113,0.9988571636442032,5.517697332479749e-05,0.9987639145680722,0.998981767213182,1.3984133630988842,0.03229664262411967,19.520366437173234,9.0,7.0,2.0,1.8127161062596137e-06,0.0001803539993714884,0.00021287858143803629,-0.17838722323256975,9.398961351450108,23.04626770899631,1,True,transit,TIC_35377903.csv,1.9654,6106.0,1.019097789243795,1862.1554098527947,0.0028301008396142,Success
11.742710054521618,9.737244920532174,8.0032e-05,1.1316651993084312,0.004473921899735056,1518.5509090433027,0.031017066114220504,0.9992646618830144,0.9993209943896086,5.517577853671447e-05,0.9993335179987913,0.9993085407447232,0.16016374754861357,0.02438656806752589,11.765089576210212,21.0,16.0,5.0,1.1854834566265827e-06,0.0002588130490460691,0.0002428731514261262,1.2548015555054661,32.21660805065241,44.78285145899281,1,True,transit,TIC_174143743.csv,1.21,6629.0,0.5658631105768233,544.1076196007755,0.0401344372235386,Success
12.187199434571822,12.132505270417507,8.0032e-05,1.880427787898536,0.012992537043853503,1545.298171031175,0.026637869851585283,0.998493767248906,0.998648256156902,5.579984682435036e-05,0.9986939564773331,0.9986025558364708,0.5819385581707939,0.034902231124202376,33.188593033955556,13.0,12.0,1.0,3.846000998873477e-07,0.000181982369182457,0.00011379042798198569,0.07354189369632251,37.483994509023525,38.410216541960835,1,True,transit,TIC_373424049.csv,1.82039,8688.0,0.940604227096003,1509.665368793156,0.0254358804912996,Success
,,,,,,,,,,,,,,,,,,,,,,,59.24260574998334,1,True,transit,TIC_116257066.csv,,,,,,Required feature(s) not computable: ['transit_shape_ratio']
14.530850108041982,12.402980388426911,8.0032e-05,2.194961925577581,0.008705559108237892,1601.4468204067296,0.04185915962140119,0.9991407463622909,0.9991575452976849,5.919434380500367e-05,0.9992294234982857,0.9990838396852046,0.8734632533033662,0.026361361487928583,13.871278554733998,11.0,8.0,3.0,8.800464372902045e-07,0.00018957109511045638,0.0001725545943067619,2.060671620375787,23.869106675793454,44.85760900005698,1,True,transit,TIC_313675203.csv,0.91,5603.0,2.1956713433805866,769.8047023412257,0.0546116052474037,Success
7.062417946964826,6.079584073721448,0.008403361,2.5876781075269535,0.05129691129969105,1792.5166487621075,0.27472038086871486,0.9982257510843043,0.9984806855761986,4.0612054911606746e-05,0.998449402676609,0.9985101977456231,0.5300807618242689,0.03788038820509722,15.84700438586005,9.0,8.0,1.0,8.454853018635628e-07,0.00019643812171763882,0.0015021572499192004,0.9029688943390934,3.633606461696567,4.789025875041261,1,True,transit,TIC_71854745.csv,1.0,5778.0,6.248394876831411,11183.843665919845,0.0201357102621034,Success
,,,,,,,,,,,,,,,,,,,,,,,36.1086025419645,1,True,transit,TIC_319968129.csv,,,,,,Required feature(s) not computable: ['transit_shape_ratio']
16.053389456686066,15.828340829599918,8.0032e-05,2.2046243845354647,0.007771841105140176,3747.396908856477,0.025968425801105338,0.9939131018306252,0.9941913713279431,0.0005411389846306334,0.9939270345217808,0.9944510296065628,0.3425709684985496,0.07016251773191914,12.906965035091988,13.0,12.0,1.0,4.548580672192332e-05,0.0018254073764135581,0.0006053519989466238,2.194712071237671,38.27390652953324,103.0564524170477,1,True,transit,TIC_374847873.csv,1.0,5778.0,2.204093030658767,9193.53860541916,0.0195147401564638,Success
11.24481273538853,11.067219618984911,8.0032e-05,7.843256273235364,0.0629022242502244,2394.4345174899827,0.15006059953775314,0.9930103939536544,0.9931794865248332,0.00018359720309730639,0.992580301372549,0.993790655380163,2.3795737189882504,0.0751853967867563,28.680280658944522,4.0,4.0,0.0,1.6562959604342617e-05,0.0008050596507234372,-2.849999999998687e-05,0.54405577593464,6.617395885479099,82.09558504202869,1,True,transit,TIC_1717732429.csv,1.0,5778.0,0.7680859826963808,1128.4295576682314,0.0281223525953521,Success
7.9967548682384235,7.573355727228747,0.001360544,2.7168003105049325,0.0213639204874414,1816.709444771348,0.10022581309529395,0.9997896496800788,0.9998158118078969,2.482974786072293e-05,0.9997737732440332,0.9998679572041876,1.340230897311164,0.013043037270371188,7.290615515234335,9.0,9.0,0.0,4.109989174756706e-07,7.147087232452905e-05,9.683558869988396e-06,1.287970364637835,9.975370803222981,20.257997500011697,1,True,transit,TIC_311121985.csv,1.86,6375.0,4.627460704952189,643.0853541670167,0.022047882842352,Success
6.823732582599547,6.6245759518948715,0.012885154,6.514717247982479,0.09766716139080289,2992.7015123232595,0.07969761137610888,0.9991649774154686,0.999303857658888,6.589815392877679e-05,0.9993032301546562,0.9993044851631201,0.006735792977643876,0.025987006661786938,10.596710808540534,4.0,4.0,0.0,5.920219891106846e-07,0.00013569263262966648,-3.363957420332575e-05,0.23637517152607299,12.536950106323895,12.613427500007674,1,True,transit,TIC_146208651.csv,2.65,4951.7,4.951666885445718,1278.7052551406218,0.0184505372642809,Success
16.921142662253,15.06445913619454,8.0032e-05,6.840272896712601,0.048098379562605764,1765.2860825727018,0.05162235147334549,0.9958057765875761,0.9951953366702946,0.00021423968802443454,0.9945404153857588,0.9961199314249337,3.0630499782413487,0.05824155032962163,26.38601010326395,4.0,4.0,0.0,1.22588894287844e-06,0.0008304018202785817,-0.00016038385852401582,0.21384609631964613,19.29020566026999,40.67087220796384,1,True,transit,TIC_17005768.csv,1.1282001,5766.0,4.560817464840974,1851.0975992948042,0.0515143563028798,Success
14.35190459120695,11.835620665249055,8.0032e-05,7.368247263897843,0.043432469837714205,2235.408322524133,0.15488856007200766,0.9989902044464073,0.9991441273441843,7.849888913956443e-05,0.9991114992846447,0.9992093834632633,0.4323785233592136,0.02857747634008472,11.031510408219761,3.0,3.0,0.0,1.997835725199848e-06,5.116256093903789e-05,-2.079754813122392e-05,-0.016378727413983038,6.449735241789174,53.835251459036954,1,True,transit,TIC_148659924.csv,1.0,5778.0,8.979753994295178,201.37935925856885,0.0604503008914833,Success
,,,,,,,,,,,,,,,,,,,,,,,93.86795454204548,1,True,transit,TIC_29117085.csv,,,,,,Required feature(s) not computable: ['period_uncertainty']
,,,,,,,,,,,,,,,,,,,,,,,27.861528958077542,1,True,transit,TIC_333821572.csv,,,,,,Required feature(s) not computable: ['transit_shape_ratio']
,,,,,,,,,,,,,,,,,,,,,,,32.29626879107673,1,True,transit,TIC_431156009.csv,,,,,,Required feature(s) not computable: ['transit_shape_ratio']
22.48880168160275,20.200095792906854,8.0032e-05,6.997990134808319,0.04051621721977705,2230.814646446503,0.04075959525846255,0.9864284973416801,0.9885499950870171,0.00029525591371713805,0.9883307293804897,0.9887655444256376,0.5232329317596385,0.1047661814466681,74.8560174874677,4.0,4.0,0.0,2.1869014613278596e-06,0.0004080435963866587,0.00010829348162844088,1.2202854954085893,24.201135734704746,79.32988454098813,1,True,transit,TIC_453209605.csv,1.0,5778.0,6.9967806762034845,11739.096091628377,0.0432671670064894,Success
,,,,,,,,,,,,,,,,,,,,,,,55.37968566711061,1,True,transit,TIC_131081852.csv,,,,,,Required feature(s) not computable: ['transit_shape_ratio']
,,,,,,,,,,,,,,,,,,,,,,,207.7901268749265,1,True,transit,TIC_326732851.csv,,,,,,Required feature(s) not computable: ['transit_shape_ratio']
10.466019459002748,10.343933300390818,8.0032e-05,0.8341944058540903,0.003924711785472879,2391.288075531315,0.05072101223394539,0.9987451084930248,0.9989137123009583,4.415262142851562e-05,0.9988408007202803,0.9989822797133832,1.1327258903092714,0.031857393274814697,29.222411497998277,34.0,33.0,1.0,1.7119204348730596e-06,0.0003262850103262451,0.0006363977357332073,0.3480628814545333,19.690953798130387,85.3318846670445,1,True,transit,TIC_288185138.csv,1.24,6105.0,0.5853960529620832,2075.089228732563,0.0216318314875608,Success
8.787660302641642,8.206366197003563,0.000240096,4.870021748417522,0.05412706982061444,3832.4248761567264,0.05971540861407338,0.9964364200432293,0.9966450268836481,0.0003013790498760531,0.9961950061068175,0.9970950476604781,1.0627812958730412,0.05368468394279978,10.738197452936781,5.0,4.0,1.0,1.6708078356416373e-05,0.00048624768136813507,-0.00020547720660557545,0.02540018514498403,16.686420526450103,31.392020915984176,1,True,transit,TIC_365952328.csv,2.11,6085.0,4.621451193557595,92.67468747120589,0.0241125155762124,Success
,,,,,,,,,,,,,,,,,,,,,,,99.443601957988,1,True,transit,TIC_129991079.csv,,,,,,Required feature(s) not computable: ['transit_shape_ratio']
,,,,,,,,,,,,,,,,,,,,,,,86.91946591599844,1,True,transit,TIC_268405086.csv,,,,,,Required feature(s) not computable: ['FAP']
24.312219560707106,21.60975960192649,8.0032e-05,3.8699797695838667,0.0131591374360438,3238.0941390872235,0.030132044884391005,0.9935364219751749,0.9938500345560998,0.00025462026920383836,0.9938428733376756,0.9938547719775191,0.015962389404179923,0.07230089022672756,57.689653881158016,6.0,5.0,1.0,1.1592389650646086e-06,0.0004851466360258635,0.0001267812344744046,-0.29990912750485327,32.97275129474689,128.2452121670358,1,True,transit,TIC_1950736.csv,0.69,4104.0,3.872224182695138,6931.799524791837,0.0311300246249766,Success
,,,,,,,,,,,,,,,,,,,,,,,34.952475416939706,1,True,transit,TIC_224418572.csv,,,,,,Required feature(s) not computable: ['transit_shape_ratio']
,,,,,,,,,,,,,,,,,,,,,,,325.83685375005007,1,True,transit,TIC_294176967.csv,,,,,,Required feature(s) not computable: ['transit_shape_ratio']
12.030575840442452,12.00036720333551,8.0032e-05,1.9045202332527391,0.012683447044422702,2309.0347766302343,0.04426062710765431,0.9910706338088567,0.9921035092210055,0.00010364472561270669,0.992200209743978,0.992006808698033,0.6619526247486183,0.08498014419314145,80.85332474315472,13.0,12.0,1.0,3.72575774938177e-06,0.0004677352929286413,0.0005652285029918991,0.7615403030858244,22.39169886586319,34.06671854201704,1,True,transit,TIC_242083025.csv,1.71404,6308.3,0.9525915843762224,7543.544864073159,0.051262660988227,Success
,,,,,,,,,,,,,,,,,,,,,,,59.96008141594939,1,True,transit,TIC_4999813.csv,,,,,,Required feature(s) not computable: ['FAP']
13.766332852690336,13.068341775042045,8.0032e-05,2.2615027315514364,0.011128690213912495,3506.833204976553,0.02236262172065466,0.993007037919764,0.9933373432378512,0.000493236115533929,0.9937100635861372,0.9928772665579356,0.5948982889592509,0.0752034446178557,36.66750713629213,12.0,9.0,3.0,5.080348063371137e-06,0.0012717797117894497,0.00033643760318036176,-0.41820111442937524,44.40476838199157,48.37393929203972,1,True,transit,TIC_341297143.csv,1.32,6247.0,2.2593672046687976,10706.165256126,0.0195420872560477,Success
,,,,,,,,,,,,,,,,,,,,,,,94.73559241590556,1,True,transit,TIC_141405814.csv,,,,,,Required feature(s) not computable: ['transit_shape_ratio']
,,,,,,,,,,,,,,,,,,,,,,,167.39939045801293,1,True,transit,TIC_418971787.csv,,,,,,Required feature(s) not computable: ['transit_shape_ratio']
21.976652074740148,17.688328908727772,8.0032e-05,1.1060681419154827,0.0018039864110680481,1684.1560285136127,0.016470119949325956,0.9989890503816277,0.9989512650974731,9.259462384241276e-05,0.9989483932927926,0.9989541098096565,0.02184372573970449,0.028593801843382546,12.508799078784245,24.0,18.0,6.0,1.4844968317342626e-06,0.00043830545264146603,0.00011811696115304748,0.522656463583037,60.65463114143935,114.72641208407003,1,True,transit,TIC_359496368.csv,0.56,4043.4,1.1059502688102083,1031.1710663144513,0.0192627465569329,Success
8.646523514164302,8.112189804717813,0.00040016,2.322581007096375,0.0184826628865713,3397.0571107738538,0.027415874314130544,0.999153938118274,0.99916924324185,9.70582744966674e-05,0.9991792672836679,0.9991592192000318,0.07312566726797798,0.026158221400658828,8.90884099367556,12.0,8.0,4.0,1.3748395994423068e-06,0.00016081650447622735,3.907175076356406e-05,0.44974498560537796,36.44435799019167,20.21841708291322,1,True,transit,TIC_67309890.csv,2.23,5843.7,4.068097096670308,191.18844539078862,0.0572693882891374,Success
20.13277208179264,19.385394916073942,8.0032e-05,1.2613342549764675,0.003523268618481068,2256.5442436837316,0.039835931955519606,0.9973187994500754,0.9974346759700075,5.0832103518229806e-05,0.9974928281929519,0.9973681336253446,0.862987661881858,0.04656630696921885,67.89032223006643,19.0,15.0,4.0,6.51937010263223e-07,0.0003255348127708264,0.00023263533737605258,0.489835476078704,25.035658775692042,190.89986483298708,1,True,transit,TIC_74482749.csv,2.9098899,9255.0,11.022862536239408,3259.870023060829,0.0249740919694981,Success
,,,,,,,,,,,,,,,,,,,,,,,71.60049958399031,1,True,transit,TIC_466318137.csv,,,,,,Required feature(s) not computable: ['transit_shape_ratio']
14.952982390736771,14.872143586822235,8.0032e-05,0.9669107836250269,0.002685982055343983,3041.5902729602417,0.02354898816894851,0.9734213547500381,0.9767346870735479,0.0009032704182335658,0.9777471651631813,0.9757825268275523,0.7697241420710861,0.146613366873238,28.42047088152814,28.0,27.0,1.0,0.00030761530541950963,0.006264018646616102,0.004696891013053595,0.6171071389043326,41.336016128012794,104.45929933397565,1,True,transit,TIC_303883880.csv,1.0,5778.0,0.4833137991643467,24592.052973754442,0.0256009834952497,Success
,,,,,,,,,,,,,,,,,,,,,,,28.281391666969284,1,True,transit,TIC_303055194.csv,,,,,,Required feature(s) not computable: ['FAP']
,,,,,,,,,,,,,,,,,,,,,,,0.7411886670161039,1,True,transit,TIC_458914949.csv,,,,,,"Required feature(s) not computable: ['depth_mean_odd', 'odd_even_mismatch', 'transit_shape_ratio']"
,,,,,,,,,,,,,,,,,,,,,,,38.87951533310115,1,True,transit,TIC_31268146.csv,,,,,,Required feature(s) not computable: ['transit_shape_ratio']
,,,,,,,,,,,,,,,,,,,,,,,20.324504791060463,1,True,transit,TIC_313891529.csv,,,,,,"Required feature(s) not computable: ['depth_mean_odd', 'odd_even_mismatch', 'depth_consistency_std', 'transit_shape_ratio']"
13.554605880508593,12.633706012424389,8.0032e-05,2.787186242953529,0.012715441871788968,2204.344901293321,0.06942463098678155,0.998671301084649,0.9988702309558685,6.98931571208457e-05,0.9989398138911215,0.9987832522868022,0.7868547932653869,0.032780867099424765,17.094225534114894,9.0,9.0,0.0,1.963657948974575e-06,0.0002408312928986708,9.108083193998251e-05,0.6719611239359149,14.384970966209327,115.69907141604926,1,True,transit,TIC_268371979.csv,0.74,4538.0,3.618543541802612,1288.9805638843789,0.0362097475833414,Success
,,,,,,,,,,,,,,,,,,,,,,,52.47460662492085,1,True,transit,TIC_13499636.csv,,,,,,"Required feature(s) not computable: ['FAP', 'transit_shape_ratio']"
8.699832124076869,8.438732679175008,0.000240096,5.55524561356029,0.062109710272588714,2283.6318478616713,0.21597723295066332,0.9979941896387694,0.9982599949734496,8.264928476291992e-05,0.9982393376541984,0.9982906761722062,0.22101098879383374,0.04027653323767136,20.047263914364155,5.0,5.0,0.0,5.618923258816837e-06,0.00022911997830124314,-5.322162129517416e-05,0.33349466419107304,4.620830519977751,20.243856665911153,1,True,transit,TIC_459997997.csv,2.04,7397.0,2.465190024159443,4489.603185851232,0.0207775553098985,Success
20.692146017338114,18.06919590553125,8.0032e-05,3.602453333253543,0.01273205654430476,1764.8152704557112,0.025029764238332475,0.9959852655600705,0.9968167488518639,0.00044466644760619205,0.9969816253641136,0.9964045575712398,0.8400290901647786,0.05698172056276455,16.305034152073205,7.0,6.0,1.0,2.660674788927312e-07,0.0007487792061935812,0.0001560629781067746,-0.0001950872335761606,39.792035437343166,6.465332000050694,1,True,transit,TIC_327577308.csv,0.7,4475.0,1.8019816538142055,3079.3196371869944,0.0225901597488288,Success
,,,,,,,,,,,,,,,,,,,,,,,11.455321709043346,1,True,transit,TIC_201154493.csv,,,,,,Required feature(s) not computable: ['transit_shape_ratio']
,,,,,,,,,,,,,,,,,,,,,,,91.11727287492249,1,True,transit,TIC_276360911.csv,,,,,,Required feature(s) not computable: ['transit_shape_ratio']
7.930029234749387,6.67973554894131,0.00160064,10.53967422464449,0.1277044504880731,1771.685156496437,0.066506353600753,0.9976916159310432,0.9978164381161654,7.564375973944019e-05,0.9979382224504493,0.9976743563928339,1.2481207306413526,0.04320770319941621,22.412610198781767,2.0,2.0,0.0,7.155163243399022e-07,0.00013193302880770696,-4.202350772697372e-05,-0.3914595763276629,15.001448161183614,27.53072137502022,1,True,transit,TIC_155114483.csv,1.7,8728.0,4.5402936923820025,205.34745701716872,0.0527582019770038,Success
,,,,,,,,,,,,,,,,,,,,,,,61.33700995892286,1,True,transit,TIC_367855829.csv,,,,,,Required feature(s) not computable: ['transit_shape_ratio']
14.359574061921899,11.679397249665277,8.0032e-05,2.475594603681257,0.01376369254704235,3313.5681088171355,0.051442159862252965,0.9953134268763368,0.995193350847733,0.0004273243293290338,0.9955762753872431,0.9944171524568343,0.917171732366463,0.0615651363497441,10.682227787533115,11.0,7.0,4.0,4.478868787738517e-05,0.0007331652580121348,0.00028831683220631454,-0.733591132857104,19.348204459950644,55.506567875039764,1,True,transit,TIC_41422753.csv,0.97,6114.0,2.8359562305007753,2346.5579116997983,0.0139318811523949,Success
8.026699167569536,8.020338495275782,0.001280512,1.693875977808401,0.015465849345460803,1843.1761591362085,0.1394292040866656,0.9986806634898109,0.9987921295236588,2.2697879623432483e-05,0.9988052493424187,0.9987791036864088,0.4074936262201189,0.03266517109423198,59.90615751065913,16.0,14.0,2.0,5.911526763026899e-07,8.097132266346776e-05,0.0011984298337950339,0.9605737556158043,7.162636192551575,33.15220679203048,1,True,transit,TIC_172110606.csv,1.77,5810.0,0.8492970595441437,1427.8055958728553,0.203583945337635,Success
,,,,,,,,,,,,,,,,,,,,,,,78.27781462506391,1,True,transit,TIC_404610583.csv,,,,,,Required feature(s) not computable: ['transit_shape_ratio']
,,,,,,,,,,,,,,,,,,,,,,,99.93525329197291,1,True,transit,TIC_264303333.csv,,,,,,Required feature(s) not computable: ['transit_shape_ratio']
11.60869056252166,11.15914584098157,8.0032e-05,3.3634172391302863,0.025560421642985665,2991.799736701478,0.09108196951652499,0.9963866727573865,0.996951462086443,0.0002555186777747753,0.9967441569661613,0.9972282196835702,0.6654575948897957,0.05405810214448617,12.18729650776506,7.0,7.0,0.0,2.8687551893617437e-05,0.0005897399065459337,0.0009982486487594144,-4.620510136343845,10.939450234182871,35.1580585000338,1,True,transit,TIC_29336129.csv,1.6787,6361.0,3.361599548662092,3215.2874399123953,0.0946074332443328,Success
13.222898158343984,8.830535733513528,8.0032e-05,10.209404907168485,0.04320962556437902,2203.1051110224726,0.12846598708975795,0.9992751286295153,0.9993131563273356,6.850154617868336e-05,0.9984420835649024,0.9999594361188185,17.598135109388313,0.024212387756673497,16.43960846977097,3.0,3.0,0.0,2.782712988752456e-07,0.0007234594024099756,-3.414051005701246e-05,-8.914411956238833,7.778519056031005,155.17226112505887,1,True,transit,TIC_120269103.csv,3.25795,8844.0,8.689841242039478,107.63875984765025,0.0185779405520043,Success
,,,,,,,,,,,,,,,,,,,,,,,38.95531091699377,1,True,transit,TIC_169532369.csv,,,,,,Required feature(s) not computable: ['transit_shape_ratio']
12.954517312762851,11.767214275421502,8.0032e-05,4.345232632148173,0.024183199838969216,2204.195116640366,0.10456770956175257,0.999384738939216,0.9994814155327985,3.14190022738383e-05,0.9994482829079623,0.9995146954137448,0.7488919820384545,0.02230677885552009,16.346759488977597,6.0,6.0,0.0,4.514256244632801e-07,4.9891134138054966e-05,-4.734385729232571e-05,-7.625111077501038,9.557297784638079,193.3141619170783,1,True,transit,TIC_42755801.csv,3.83,9900.0,1.40464268145725,836.3853991015801,0.020781653354323,Success
11.543484494947364,11.51925587610169,8.0032e-05,1.3232345377893855,0.010273703328606998,2475.301016017444,0.0767882888473762,0.9688374496980285,0.9725179115358956,0.00046250253854253793,0.9727900192749659,0.9722724049607262,0.39496882327240496,0.1587536221845644,106.5075727480705,18.0,17.0,1.0,7.255590277328812e-05,0.002255149882507167,0.01511266387375676,0.98475910144598,12.616994912123674,41.10543283296283,1,True,transit,TIC_240148934.csv,1.48,6582.0,0.6628281862135936,35308.914268230015,0.0821627538486673,Success
10.69277404897498,8.24285409519369,8.0032e-05,1.8743327838942625,0.010500688243601508,3831.5179893108884,0.07467582473342117,0.9976718346203972,0.9979189432478105,0.00011300059142655657,0.9977475728629595,0.9980903136326615,1.0755260337089296,0.043392438866163695,17.890344173174825,13.0,12.0,1.0,8.709436210270888e-06,0.0005550370592705872,0.0007988920943772237,0.5284300827088549,13.360037712096256,63.48279124998953,1,True,transit,TIC_1405997635.csv,1.0,5778.0,1.43205684451616,596.8754011004273,0.113718705818498,Success
7.666053265384758,7.623746667079613,0.002721088,7.82406443426441,0.08334118953177105,2911.9148090147755,0.04350282014856015,0.9971229686427551,0.997581960480306,0.00014725715067975917,0.9977073607310591,0.9974565602295524,0.6051896717368684,0.04823690610074238,25.422543919220203,4.0,4.0,0.0,6.70782714873857e-07,0.0004077877140644479,-0.00010307143929644269,0.2950181381911486,22.92088111156071,20.55499941704329,1,True,transit,TIC_339538183.csv,1.78,7235.0,5.333180902090724,2873.215551342234,0.0203647492430139,Success
,,,,,,,,,,,,,,,,,,,,,,,45.482102792011574,1,True,transit,TIC_339250695.csv,,,,,,Required feature(s) not computable: ['transit_shape_ratio']
,,,,,,,,,,,,,,,,,,,,,,,6.245375707978383,1,True,transit,TIC_175476629.csv,,,,,,Required feature(s) not computable: ['FAP']
33.35565274108806,32.18532240508852,8.0032e-05,2.77700329534989,0.007303101965775438,3368.31561367715,0.03459513285628904,0.9873367539951365,0.9881372821532386,9.769215358830134e-05,0.9881269697687267,0.9881474914139052,0.07434690308320649,0.101199803391278,141.34218494348812,10.0,8.0,2.0,1.2446576986309942e-06,0.0003235046786471332,0.00028625003820359485,0.9096083537889623,28.53975899143422,112.17489070794545,1,True,transit,TIC_274942910.csv,0.67,4349.3,2.776594176582973,11404.103528098398,0.046929434845402,Success
,,,,,,,,,,,,,,,,,,,,,,,51.54792662500404,1,True,transit,TIC_207501148.csv,,,,,,Required feature(s) not computable: ['transit_shape_ratio']
11.612543731446381,11.54063718682897,8.0032e-05,2.0968300042627557,0.010320247929665127,1411.3883369844116,0.022448995724994224,0.9921078246827169,0.992699912372498,0.0003705447558992784,0.9931277418584759,0.9924132225107604,0.6659936491133168,0.07989240757326534,55.12220322630166,12.0,10.0,2.0,3.08891763568888e-06,0.0009126910715909368,0.000171586375894206,0.009143969746723556,44.193862248284255,51.24842812505085,1,True,transit,TIC_176984236.csv,1.29,6249.0,1.0477615039865609,9365.526873028606,0.0213340629578451,Success
15.973474553848352,15.65604712875009,8.0032e-05,1.7638730002521357,0.0073727387625155405,2771.077928730637,0.06837463405869815,0.9784008421394389,0.9807634599642998,0.0005881361332747524,0.9808025322782724,0.9807113635456697,0.05408683517836239,0.13216776808181635,34.33348297394841,15.0,14.0,1.0,0.00021794927624284484,0.0012452101030763674,0.0038507680749814144,-0.3325941920958456,14.309412483282951,55.315473999944516,1,True,transit,TIC_169187982.csv,1.2,6479.0,5.197246435184009,491.022399590646,0.0167254998972694,Success
,,,,,,,,,,,,,,,,,,,,,,,14.713204208994284,1,True,transit,TIC_23113034.csv,,,,,,Required feature(s) not computable: ['FAP']
,,,,,,,,,,,,,,,,,,,,,,,59.58101375005208,1,True,transit,TIC_224600500.csv,,,,,,Required feature(s) not computable: ['transit_shape_ratio']
,,,,,,,,,,,,,,,,,,,,,,,105.28667866694741,1,True,transit,TIC_346418409.csv,,,,,,Required feature(s) not computable: ['transit_shape_ratio']
,,,,,,,,,,,,,,,,,,,,,,,1.8987195410300046,1,True,transit,TIC_385105624.csv,,,,,,Required feature(s) not computable: ['FAP']
17.066310109927215,15.86279378595139,8.0032e-05,0.6857992447187132,0.0017189414630800481,2390.8011642593397,0.026115503055984545,0.9994910818020358,0.9995581695006454,4.868814329409324e-05,0.999543498241276,0.9995737474108749,0.220136631118749,0.020287621659611125,9.103699859594485,41.0,39.0,2.0,1.7251980207700337e-06,0.0002824475461803964,0.00015220271106863859,2.3556969618089263,38.27194443313607,65.59321204200387,1,True,transit,TIC_293567206.csv,1.06,5829.0,4.008150390881245,81.34340148158171,0.0182926541008645,Success
,,,,,,,,,,,,,,,,,,,,,,,95.30039341596421,1,True,transit,TIC_445822015.csv,,,,,,Required feature(s) not computable: ['transit_shape_ratio']
5.908581066116831,5.322314127077661,0.065866347,3.4005157183013814,0.02894843241033307,1440.5096317506475,0.06652658285516046,0.996884464570979,0.9969964417650672,0.0005885766436324913,0.9958762890614633,0.9988633629377407,2.584749056327351,0.05019650663363661,9.862833162528643,7.0,6.0,1.0,1.467618111034455e-06,0.0017560959924685835,0.00011307399134996565,-0.11365548758574492,14.98475378994535,1.6596633750014007,1,True,transit,TIC_449197624.csv,1.92,6121.0,2.225570514308675,3816.820082220174,0.0344473317081646,Success
,,,,,,,,,,,,,,,,,,,,,,,76.58247487503104,1,True,transit,TIC_195093356.csv,,,,,,Required feature(s) not computable: ['transit_shape_ratio']
,,,,,,,,,,,,,,,,,,,,,,,23.536665917024948,1,True,transit,TIC_129319156.csv,,,,,,Required feature(s) not computable: ['transit_shape_ratio']
8.706814438468395,8.351069294565935,0.000240096,3.8156313281031045,0.04491143201821579,3313.115167590718,0.027126940155799823,0.9943529586801706,0.9945163918697092,0.0007021654829142038,0.9943274249951206,0.9947086167938598,0.19199037326976875,0.06757991319476543,15.410482413891186,7.0,6.0,1.0,1.5064836784276278e-05,0.0005180127969959933,8.820312059276691e-05,0.03972848522819508,36.65555174926631,26.100825208006427,1,True,transit,TIC_20988926.csv,2.66,6987.0,0.9545068779414896,13364.287735506798,0.0115918370368949,Success
6.237236267566599,5.688170049177251,0.037454982,3.9119157785256617,0.05369704092659,1819.9530187643693,0.08964233557679607,0.9994968710590632,0.9995141627871329,9.189789124022864e-05,0.9994211286869564,0.9995684326789025,0.5562968796391732,0.020171899538285323,7.144709079028232,6.0,5.0,1.0,8.56999257663983e-08,0.00016447348537364283,0.00010678695427324136,0.7810845723759039,11.14983076498269,1.4491797090740874,1,True,transit,TIC_468828873.csv,1.89,6064.0,8.938787364900449,313.1526819322161,0.0123974572498253,Success
,,,,,,,,,,,,,,,,,,,,,,,55.12944979197346,1,True,transit,TIC_402740809.csv,,,,,,Required feature(s) not computable: ['FAP']
,,,,,,,,,,,,,,,,,,,,,,,51.69121608301066,1,True,transit,TIC_159334269.csv,,,,,,Required feature(s) not computable: ['transit_shape_ratio']
,,,,,,,,,,,,,,,,,,,,,,,745.1462349590147,1,True,transit,TIC_142938659.csv,,,,,,Required feature(s) not computable: ['transit_shape_ratio']
,,,,,,,,,,,,,,,,,,,,,,,411.55399933399167,1,True,transit,TIC_420112587.csv,,,,,,Required feature(s) not computable: ['transit_shape_ratio']
,,,,,,,,,,,,,,,,,,,,,,,3.3715147910406813,1,True,transit,TIC_452803785.csv,,,,,,"Required feature(s) not computable: ['FAP', 'transit_shape_ratio']"
,,,,,,,,,,,,,,,,,,,,,,,89.24355633300729,1,True,transit,TIC_89510024.csv,,,,,,Required feature(s) not computable: ['transit_shape_ratio']
,,,,,,,,,,,,,,,,,,,,,,,30.966284291935153,1,True,transit,TIC_467281353.csv,,,,,,Required feature(s) not computable: ['transit_shape_ratio']
,,,,,,,,,,,,,,,,,,,,,,,1.0725287499371916,1,True,transit,TIC_269424395.csv,,,,,,"Required feature(s) not computable: ['FAP', 'transit_shape_ratio']"
,,,,,,,,,,,,,,,,,,,,,,,31.638860582956113,1,True,transit,TIC_101395259.csv,,,,,,"Required feature(s) not computable: ['depth_mean_odd', 'odd_even_mismatch']"
,,,,,,,,,,,,,,,,,,,,,,,57.56849383399822,1,True,transit,TIC_417705690.csv,,,,,,Required feature(s) not computable: ['transit_shape_ratio']
,,,,,,,,,,,,,,,,,,,,,,,84.1989052919671,1,True,transit,TIC_393911494.csv,,,,,,Required feature(s) not computable: ['transit_shape_ratio']
14.160181303051484,13.913829147343503,8.0032e-05,2.2763051499559084,0.014537146447919591,2826.961155680093,0.03466694287366727,0.9962678541349945,0.9968584884582894,0.00013929181939344347,0.9968785769847661,0.9968383999318124,0.10199769613099864,0.05493972122538645,42.046947030514026,12.0,12.0,0.0,1.719355897356361e-06,0.0005288736028589867,0.00019159532095924803,-0.5664334124267367,28.738266819937895,42.32512591697741,1,True,transit,TIC_266688542.csv,1.79,6854.0,2.274265362059563,4125.318927566402,0.0282313095456463,Success
9.70198957938367,8.727287812489788,8.0032e-05,2.760638739202713,0.01925057076644121,3367.753375246479,0.0497900168035284,0.9978617738367894,0.9979529721493576,0.00022521379676327565,0.997953188915689,0.9979527042020868,0.0007521914008990217,0.041584737699023114,9.484093808117928,10.0,9.0,1.0,1.4955607169301858e-05,0.0008485464333108463,-0.00012317043670995176,-1.2588765700205786,20.041402632466582,34.28603379102424,1,True,transit,TIC_199162630.csv,1.78,7776.0,9.5520990854324,111.42511533324128,0.0389146559499494,Success
,,,,,,,,,,,,,,,,,,,,,,,1.3931523750070482,1,True,transit,TIC_185405474.csv,,,,,,Required feature(s) not computable: ['FAP']
13.436646108397216,13.211194770534215,8.0032e-05,0.9151524182666982,0.005004480208426254,1684.0596254560066,0.08446768261629728,0.9997648837310406,0.999789550914009,1.0832367261896371e-05,0.999812099506184,0.9997668948196063,1.4776269388898648,0.013789498994559285,19.65516522340291,29.0,28.0,1.0,1.9290361009643714e-07,7.28327318077086e-05,0.0002169657697616012,2.4801473343791396,11.836063838433576,64.98898679099511,1,True,transit,TIC_298073824.csv,1.0,5778.0,0.9138694793712704,239.8818700596328,0.0735407174112967,Success
18.29647215149947,17.72512581666239,8.0032e-05,0.7418338490901151,0.002410450164642086,1325.992039186778,0.036171007607894975,0.9991009509155194,0.9991998178236663,8.450733629307162e-05,0.9992414545067021,0.9991543866645901,0.36363653907861504,0.026964902133582172,9.369550726895307,37.0,35.0,2.0,6.156652527445589e-06,0.0004885514209591278,0.0003153683653472905,7.516479451494602,27.62159577488374,130.88155629194807,1,True,transit,TIC_279740441.csv,0.66174,4304.6,1.3191406580306917,195.88479047960573,0.0698384751277231,Success
13.98588641808493,13.349480113124734,8.0032e-05,1.4245802433446628,0.006040915324039164,1956.2962255579225,0.06003682845663963,0.9987276907214687,0.9988585405801961,7.945868848770517e-05,0.9989063697283689,0.9987982281646113,0.4782391273034669,0.03207772013426411,15.294856606869478,19.0,18.0,1.0,4.3253557742807304e-06,0.00036283261036142286,0.0003643743931531773,0.20725462667239664,16.63525066855887,40.72352562507149,1,True,transit,TIC_356919658.csv,1.32,6404.0,6.023459654012823,1510.4044028567687,0.0031772828660086,Success
10.822180074065738,10.394973272139746,8.0032e-05,1.4900105350899597,0.007452523117538745,2037.4868618012138,0.05207297422759836,0.9991949332184102,0.9993196976093276,8.362359744601984e-05,0.9992776191199642,0.999361776098691,0.35757551679872573,0.025516617323044936,8.89968166324482,16.0,16.0,0.0,7.044902418698725e-07,0.00031138030193097826,0.00017969191568623089,-3.616269491311684,19.188359183233345,6.300195374991745,1,True,transit,TIC_389238529.csv,1.41,7000.0,1.4584566092373443,480.5423311443624,0.044511205239856,Success
,,,,,,,,,,,,,,,,,,,,,,,48.19962970807683,1,True,transit,TIC_325680697.csv,,,,,,Required feature(s) not computable: ['transit_shape_ratio']
,,,,,,,,,,,,,,,,,,,,,,,28.100822041975334,1,True,transit,TIC_383531859.csv,,,,,,"Required feature(s) not computable: ['FAP', 'transit_shape_ratio']"
15.214336305385393,15.090507111518775,8.0032e-05,0.962638165698655,0.004605941912465994,2036.7652466169332,0.03109456549490778,0.9973308208229614,0.9973869668821701,6.928366931659552e-05,0.9973944543618334,0.9973793952735217,0.07698219477205273,0.04646179784973828,54.554504567723846,21.0,16.0,5.0,8.637275157777954e-07,0.00018950294297216197,0.000598674375406949,0.6623514535341478,32.07411986465255,23.426191958016716,1,True,transit,TIC_341186896.csv,1.3,6635.0,0.9619014858215352,2892.5876342628108,0.0350113303083798,Success
,,,,,,,,,,,,,,,,,,,,,,,39.74038166599348,1,True,transit,TIC_101929303.csv,,,,,,Required feature(s) not computable: ['transit_shape_ratio']
,,,,,,,,,,,,,,,,,,,,,,,58.31589812494349,1,True,transit,TIC_326347927.csv,,,,,,"Required feature(s) not computable: ['FAP', 'transit_shape_ratio']"
6.5621236040201625,5.868752651673413,0.020408163,2.7110875941334016,0.026659548639241137,2391.7116971718015,0.028190158304847626,0.9980145546742426,0.9981954636184808,0.00020194174657490468,0.9985454138619173,0.9976768626553157,1.4811571314247807,0.04007154735228344,18.11794415279793,11.0,10.0,1.0,2.1022634314857376e-06,0.0021913771069042537,3.508167784649352e-05,-0.5290627915289485,35.40294254050437,28.773809375008568,1,True,transit,TIC_421308357.csv,2.63,6423.0,2.0332035223432467,5490.750527499255,0.0235530809194794,Success
15.880308909638336,13.917270532517497,8.0032e-05,5.996676076750036,0.035704263935262937,3561.2330992129164,0.1315052224890735,0.9972299269360104,0.9974616341999323,6.832808176268764e-05,0.9974409866972896,0.9974827762535364,0.2162325427130021,0.04733177147014011,31.15909285279488,4.0,4.0,0.0,2.1498757338661567e-06,0.00012581368865754742,-0.0001276236552190113,0.4525595613737519,7.583196378523052,55.02392841607798,1,True,transit,TIC_239638934.csv,1.08,5633.0,1.0075525274493222,469.0328379761688,0.023906125614683,Success
20.249562851109346,17.41655300045755,8.0032e-05,0.3643790887886329,0.0005718235759016865,2447.8392877624137,0.012073515596332367,0.9792234772313144,0.9772190679221258,0.0021225655972144882,0.9786475803255642,0.9758100352332798,0.4728610434812431,0.12962643553370765,10.675137582913209,66.0,51.0,15.0,0.001993664146695248,0.014885152536957828,0.008734463165739559,-0.01183212017759269,81.10508239445834,180.1535181249492,1,True,transit,TIC_369480087.csv,0.347331,3473.0,3.314644730002288,12450.378092424775,0.0999497990559096,Success
,,,,,,,,,,,,,,,,,,,,,,,27.81110970804002,1,True,transit,TIC_220435095.csv,,,,,,Required feature(s) not computable: ['FAP']
12.369638888005198,11.979997610178149,8.0032e-05,1.3835623652528486,0.008368279375903231,2853.65872377564,0.08996921803249287,0.9992173100439399,0.9992643545548803,3.6586452120797816e-05,0.9992421528199952,0.9992933350981625,0.4890054863722002,0.025159501226447722,20.408370628996725,21.0,18.0,3.0,1.471328952390475e-06,0.0001519885045404049,0.000540387254227559,1.798201171006148,11.10621312372713,41.468051375006326,1,True,transit,TIC_66783360.csv,1.38,6483.0,0.7672936088349791,192.75188475842418,0.0272792437140931,Success
7.406086396206216,7.522055092525619,0.004481793,0.6539620912661407,0.001358188544228811,1544.4533081023635,0.04638053250889767,0.998957143105219,0.9990393816187308,0.00017827425766047972,0.998882241104743,0.9992159076914539,0.6600428760571495,0.029041530842125733,5.310069149056893,37.0,34.0,3.0,3.6745162109805934e-05,0.0006864914658462083,0.0004132297369172644,-0.8828823308719222,21.53828533369207,340.0584196659038,1,True,transit,TIC_303364023.csv,0.256167,3278.0,2.748705902089449,1298.5356255453828,0.024511794850608,Success
,,,,,,,,,,,,,,,,,,,,,,,111.34114912489895,1,True,transit,TIC_173860688.csv,,,,,,Required feature(s) not computable: ['transit_shape_ratio']
,,,,,,,,,,,,,,,,,,,,,,,81.21988824999426,1,True,transit,TIC_264303333.csv,,,,,,Required feature(s) not computable: ['transit_shape_ratio']
,,,,,,,,,,,,,,,,,,,,,,,74.14701458299533,1,True,transit,TIC_23650642.csv,,,,,,Required feature(s) not computable: ['transit_shape_ratio']
,,,,,,,,,,,,,,,,,,,,,,,39.35530125000514,1,True,transit,TIC_17150865.csv,,,,,,Required feature(s) not computable: ['FAP']
9.517013405990376,8.564432822645495,8.0032e-05,7.77832030260668,0.07247920624669257,1684.3984405303086,0.08157993385579373,0.9955094317407841,0.9961742598649056,0.000539346101945183,0.9962022271502693,0.9961455629981847,0.03714272356703356,0.06026397829251615,53.7592615951396,4.0,4.0,0.0,1.37030558918495e-06,0.00011099076107328045,3.013959638997754e-05,-0.3485572419035479,12.202871278377286,61.918249125010334,1,True,transit,TIC_159510109.csv,1.1179,5894.7,7.757590138157858,22300.903833365803,0.0163041765504304,Success
6.481029202229147,5.525158159718096,0.022969188,13.035266557845759,0.12776374352018038,2334.3196982623017,0.10859092470653116,0.9972225568519423,0.997620824279308,0.00019897623695066882,0.9982442967391435,0.996341065019646,3.3173600054959107,0.04739469533599392,17.842626381948982,3.0,3.0,0.0,4.0937119106024154e-06,0.0014850849317678706,4.582947376341462e-05,1.993158623512188,9.1832955612723,42.583971875021234,1,True,transit,TIC_127793615.csv,1.45,5898.8,2.2117093646926325,137.5665327856268,0.0996742340340208,Success
12.192127802837266,10.251418778854351,8.0032e-05,1.7454706304121859,0.009173857926201956,1712.4281723460042,0.047666041811352144,0.9990302414693574,0.9989876840816448,7.46676991592302e-05,0.9989257456331005,0.9990803657017298,0.7480385902000736,0.028005217579180234,13.521103391944553,15.0,10.0,5.0,1.911145675178557e-06,0.00014658820503032368,0.00028024002295157224,-0.32704240689777986,20.958951142266407,46.456406916026026,1,True,transit,TIC_357457104.csv,1.0,5778.0,0.989161798225358,60.663810678596164,0.0368842296767301,Success
7.808439618366157,7.7372871911501715,0.002240896,9.300789948710204,0.11257682346772135,1440.806924071638,0.06586902094619186,0.9967159237613084,0.9971226067060104,0.00010230557656966108,0.9971637453797652,0.9970305344361778,0.5006934453959779,0.0515363624836083,53.748436854747425,3.0,3.0,0.0,3.435641844155431e-07,6.54083628749366e-05,3.9526366859998774e-05,0.0294142788250849,15.131785920660967,28.668962917057797,1,True,transit,TIC_70887357.csv,1.94771,5463.0,4.647194760133813,3267.4652620447996,0.0614822088999085,Success
9.19492011926492,8.66146681338602,8.0032e-05,4.875536216512775,0.04574192871146021,2477.525574872621,0.06734277968006247,0.9971660033351082,0.9976303185375555,0.0001925040150434641,0.9977220359609772,0.9974946141865745,0.41177756712970154,0.04787478253455836,47.38621664799978,5.0,5.0,0.0,6.39408332761187e-07,0.00020735629606652377,5.890398101082717e-05,-0.0535482050851451,14.80731873665633,26.88715866697021,1,True,transit,TIC_116608612.csv,1.78,8170.0,4.88682120491975,5577.101775002368,0.0313121895573565,Success
,,,,,,,,,,,,,,,,,,,,,,,35.39246720902156,1,True,transit,TIC_197959526.csv,,,,,,Required feature(s) not computable: ['FAP']
27.638218595828164,27.042216484443667,8.0032e-05,2.252441909036669,0.005770418016444623,1629.923501445625,0.02964438339574985,0.9824911182985482,0.9877337767533131,0.002578738032149465,0.9884358470276273,0.9866806713418413,0.24016472152820068,0.11899709272099532,52.824553469854365,11.0,10.0,1.0,1.432186409454888e-06,0.006730997633564818,0.000291724714918562,-7.222964217159007,33.14257224319292,7.997988250106573,1,True,transit,TIC_311890977.csv,0.63,4138.1,2.2496867510660743,17640.36269493885,0.0157948622268761,Success
26.87907424604326,18.360762570234346,8.0032e-05,9.73686354257705,0.04511280921646321,1326.8852163916085,0.041180512770836175,0.9947775811733462,0.9956755999324044,0.00041237306765146657,0.9958297359412992,0.9953566978450354,0.41180622774585673,0.06498947011675216,25.74100566113459,3.0,3.0,0.0,2.4629008035760898e-06,0.00022300756910214218,4.777885715800956e-05,1.6244560030382693,24.156512734776886,98.752560583991,1,True,transit,TIC_300013921.csv,0.8,5379.0,9.734485841043943,7371.778103713144,0.029382814154722,Success
6.216117814450719,6.192944387384757,0.03857543,3.2121349967794988,0.0376646233975515,2825.8938426968225,0.1755290987009808,0.9991131247149686,0.9992259497462332,0.0001268415606797861,0.9991799215616545,0.9992784364310194,0.27468776707111264,0.026781717397678997,6.045656825454944,9.0,9.0,0.0,1.7699606522157057e-05,0.00031445273943461684,0.00021646041899237023,-13.376927218348442,5.692008516587831,18.633195500005968,1,True,transit,TIC_185226925.csv,2.93,5990.0,1.7188067463974686,1195.927816516007,0.0309096966453519,Success
12.70698383722527,12.465931904048203,8.0032e-05,0.9142732907027873,0.002845099254732142,2089.0701888360395,0.028418296477182754,0.9977313296396376,0.9980292398977261,0.0002441896560430141,0.9979600778183071,0.998098710736428,0.20073886120955858,0.042834415531708546,9.005704334637729,26.0,22.0,4.0,2.1658591197743282e-05,0.0009593676344826353,0.0005369158413596198,1.1679387318835037,35.1087662992299,49.52695212501567,1,True,transit,TIC_229091748.csv,1.03,5777.0,0.9110934354305796,414.96514322081345,0.0103362578005805,Success
15.98710916509098,15.10928654033791,8.0032e-05,2.106912656932251,0.012347314871617998,1900.9141475499603,0.05259152630059893,0.9967121027032358,0.9969321890184528,0.00013288743820360317,0.9969052088195983,0.9969645938075533,0.15728805228047055,0.051566335324104706,22.3871840343269,13.0,11.0,2.0,7.792487980164407e-06,0.00031328991938628684,0.00018634776698545075,1.4935504773239558,18.95195239260217,26.69162241590675,1,True,transit,TIC_307734817.csv,1.59204,6351.66,1.1806882074059717,874.4749708360366,0.0350371437628292,Success
18.20124100096349,15.87890091095587,8.0032e-05,1.9491925922520439,0.007149243787446968,1685.1627457904913,0.05917296351805033,0.9967099194126394,0.9967455543281419,4.328859999535977e-05,0.9967728494878999,0.9967090175001192,0.514408231263827,0.0515834535003994,72.7369390273698,11.0,7.0,4.0,5.997121958632601e-07,9.22683014020544e-05,0.0008370036770151135,0.9429016261937393,16.844008820153135,108.27495624998119,1,True,transit,TIC_110428269.csv,2.59,9994.0,1.9500133740834105,2878.9301992562246,0.0901297384314704,Success
,,,,,,,,,,,,,,,,,,,,,,,56.006311457953416,1,True,transit,TIC_161450762.csv,,,,,,Required feature(s) not computable: ['transit_shape_ratio']
11.698682469491127,11.583727270183928,8.0032e-05,2.4002304138773325,0.015546335333358696,2230.4690345694203,0.03383806239260162,0.9968707560244878,0.9972314933937705,0.00047129336612011466,0.9970966812514103,0.9973676536575542,0.20333163272504007,0.05030681927130229,20.943174416948604,10.0,10.0,0.0,4.0348826398866406e-06,0.0002705743276461175,1.5513593500382505e-05,0.4330531184966138,29.460042494703963,34.630708625074476,1,True,transit,TIC_155491828.csv,1.6,6337.5,1.198523476112098,19250.3144452012,0.0056460498052987,Success
,,,,,,,,,,,,,,,,,,,,,,,21.569186832988635,1,True,transit,TIC_35315453.csv,,,,,,Required feature(s) not computable: ['transit_shape_ratio']
,,,,,,,,,,,,,,,,,,,,,,,43.183570624911226,1,True,transit,TIC_358631536.csv,,,,,,"Required feature(s) not computable: ['FAP', 'transit_shape_ratio']"
,,,,,,,,,,,,,,,,,,,,,,,1.2899464580696076,1,True,transit,TIC_124702477.csv,,,,,,"Required feature(s) not computable: ['FAP', 'transit_shape_ratio']"
,,,,,,,,,,,,,,,,,,,,,,,109.43001599994022,1,True,transit,TIC_399642071.csv,,,,,,"Required feature(s) not computable: ['depth_mean_odd', 'odd_even_mismatch']"
21.378558494483258,11.975333467091568,8.0032e-05,12.90292269820757,0.08207975619993668,1328.3955463178022,0.051044718278568046,0.9908088566480989,0.9924163077269157,0.00045095032634352136,0.9921405883327341,0.9926920271210975,0.4339068346607396,0.08621680338454908,40.83461759158863,2.0,2.0,0.0,2.3570465425658164e-06,0.0002757193941816949,4.750846462142633e-05,1.6827373281989328,19.410604859075224,94.62730758299585,1,True,transit,TIC_176957796.csv,1.0,5778.0,12.913424952593042,8758.286978261198,0.0483252207396452,Success
6.171314010036703,5.818698668419439,0.041616647,3.432746231476961,0.04038066657325645,1658.6370826988543,0.0761416218636351,0.996130452556387,0.996370177012667,0.00022865995803300284,0.9968390080873554,0.9954495632660056,2.114016305916448,0.05594190285485488,20.372868181221943,7.0,6.0,1.0,1.036891072952056e-05,0.0010667297996596597,-0.0004094813526009933,0.499298611480493,13.082600924109478,20.7656876250403,1,True,transit,TIC_220435095.csv,2.6126101,5620.9,1.210880999270678,9639.524533473608,0.022842055924022,Success
,,,,,,,,,,,,,,,,,,,,,,,25.040472125052474,1,True,transit,TIC_120602501.csv,,,,,,Required feature(s) not computable: ['transit_shape_ratio']
,,,,,,,,,,,,,,,,,,,,,,,27.51585324993357,1,True,transit,TIC_118021229.csv,,,,,,Required feature(s) not computable: ['transit_shape_ratio']
,,,,,,,,,,,,,,,,,,,,,,,36.85664133296814,1,True,transit,TIC_373576942.csv,,,,,,Required feature(s) not computable: ['transit_shape_ratio']
,,,,,,,,,,,,,,,,,,,,,,,63.476901125046425,1,True,transit,TIC_466318137.csv,,,,,,Required feature(s) not computable: ['transit_shape_ratio']
17.702475454833703,17.417792367603,8.0032e-05,1.709691988646219,0.005893639316242094,2771.4362559239903,0.05647945398436385,0.9918148717958161,0.9926771886934022,0.00019326125665559287,0.9926097164099473,0.9927676183513102,0.28520372849021947,0.08136167669814676,43.34445076868493,15.0,14.0,1.0,1.619260204589703e-05,0.0004431545653907405,0.0006816493395126466,0.298141148230172,17.560631377038394,77.99429966602474,1,True,transit,TIC_40779013.csv,1.0,5778.0,8.578888463749834,1640.340044420041,0.012584779802033,Success
5.965555217398343,5.77270537979767,0.060504202,4.61733062590576,0.03702927496050812,2798.1219303730004,0.03834174850388286,0.9991515677526338,0.9992923906076264,0.00015481944954684416,0.9995122171717179,0.9990672024200205,1.0224366572851171,0.026194838805715312,4.361422871121456,6.0,6.0,0.0,4.361246651347049e-06,0.00030827805097032425,3.6285637620592226e-05,1.304029801174154,26.059102851072375,42.340862834011205,1,True,transit,TIC_358186451.csv,1.73,7176.0,7.427319643520536,60.25090203842787,0.026778982100349,Success
,,,,,,,,,,,,,,,,,,,,,,,252.73628245806322,1,True,transit,TIC_120269103.csv,,,,,,Required feature(s) not computable: ['transit_shape_ratio']
29.63340915089074,28.191834838740707,8.0032e-05,1.530988467527794,0.002405140053892585,2883.568832211433,0.025343512213158954,0.9945714224379902,0.9951250398000266,0.0001120016352767619,0.9950723528748052,0.995184583242914,0.35350679128947166,0.06625980760065181,69.41533187236485,18.0,17.0,1.0,1.5546246282797327e-06,0.00034789975827128223,0.00031060838404262103,0.7155336902374783,39.243630246386495,270.05656220798846,1,True,transit,TIC_285666479.csv,4.92,5511.5,1.5308234707544488,5060.163575957621,0.024904834470118,Success
15.172011466166293,14.94547075679782,8.0032e-05,1.4010642278330792,0.004931214314034649,1545.5251220119446,0.02365412430269925,0.9978146206896606,0.9980625410600569,0.00012691637404637683,0.9981654276616662,0.9979596544584473,0.5747774956171017,0.04204076018861875,20.13817944454327,17.0,16.0,1.0,2.5470384187242536e-06,0.0004488303384632343,0.00027033078222371554,-0.5395851878941105,42.18353670255283,56.43903470796067,1,True,transit,TIC_101497191.csv,1.0,5778.0,1.4019813018102425,2775.020834499653,0.0167576575284233,Success
20.336406133383644,19.32656285793903,8.0032e-05,1.2613342549764675,0.003523268618481068,2256.5442436837316,0.039835931955519606,0.9972892422777613,0.9974074880156403,5.201620464441624e-05,0.9974928281929519,0.9973098350764279,1.2398359975011541,0.04682227362976477,69.24004816431771,19.0,15.0,4.0,6.431189997607165e-07,0.0003856571574308393,0.00023263533737605258,0.5062748014750189,25.03491680303411,150.0893917910289,1,True,transit,TIC_74482749.csv,2.9098899,9255.0,3.113426637570413,502.526631955158,0.039569048515281,Success
17.163179527004147,16.421924339257842,8.0032e-05,3.7989926979187185,0.017093875902422617,1956.4139577313215,0.1011101916719839,0.9883776800647811,0.9898494089869424,0.00029240514779820204,0.9897031076523868,0.9900458707790599,0.4132258139944216,0.09695128285694976,35.28231504912417,7.0,7.0,0.0,3.9703974717712314e-05,0.0007304935309526544,-0.0014331143965176096,0.6079468837367331,9.775252758606387,72.14977270795498,1,True,transit,TIC_233497719.csv,1.01,6051.0,0.6886979857766665,3034.969713519575,0.010623790891437,Success
,,,,,,,,,,,,,,,,,,,,,,,82.5097561669536,1,True,transit,TIC_385624852.csv,,,,,,"Required feature(s) not computable: ['depth_mean_odd', 'odd_even_mismatch', 'transit_shape_ratio']"
,,,,,,,,,,,,,,,,,,,,,,,16.993346791015938,1,True,transit,TIC_127315102.csv,,,,,,"Required feature(s) not computable: ['FAP', 'period_uncertainty', 'depth_mean_even', 'odd_even_mismatch', 'depth_consistency_std', 'transit_shape_ratio']"
8.775949764901318,6.040468216733724,0.000240096,0.2449326066341624,0.00019126819438668174,1491.641697987767,0.00502447650670633,0.9936812378225622,0.9917579755563145,0.0019596286402360666,0.9931743103591544,0.9902531198282972,0.5268576981005654,0.07148635471894473,4.483455502736081,100.0,92.0,8.0,0.0011263477776134773,0.01688222372466639,0.0028218155282834223,0.5342577382909773,197.76811305541264,293.44833791605197,1,True,transit,TIC_431999925.csv,0.269,3266.0,7.005411230338979,4132.602163859023,0.0079907129732944,Success
,,,,,,,,,,,,,,,,,,,,,,,53.70629629108589,1,True,transit,TIC_390048041.csv,,,,,,Required feature(s) not computable: ['transit_shape_ratio']
11.827003001508329,10.000447333871263,8.0032e-05,3.810912187768006,0.023663615725371345,1741.5000635671238,0.03418084880340593,0.9983229084821535,0.9984745655218836,0.00020970147118904553,0.9982046736124972,0.9986557258446224,0.747521798511092,0.03682862697764224,12.198748968012163,6.0,5.0,1.0,1.912473724446014e-06,0.0003250482825434477,5.104505238406887e-05,-0.5804722027668183,29.207083598891675,72.14351704204455,1,True,transit,TIC_418959198.csv,0.799965,4528.99,3.8164464984813087,3427.83694717963,0.0179182495995846,Success
5.9306308625712445,5.512825047715204,0.063945578,7.708772203758018,0.10549527540103965,1711.558388687829,0.0858098753847817,0.9966159250219735,0.9976312522981026,0.0006277468754578984,0.9980221052936606,0.9972403993025445,0.4457591702289126,0.05231510908407759,13.406920328528972,4.0,4.0,0.0,4.5019205787300936e-07,0.0006166801468594546,7.1535920641574435e-06,0.10801977203129257,11.61423344985678,1.2912162089487538,1,True,transit,TIC_313761775.csv,2.38,6298.0,1.9326440569429204,5279.156324263789,0.0321759575198857,Success
9.864329569752934,8.841671083745656,8.0032e-05,7.52027722698678,0.05017415376423706,2392.5069556511144,0.10320439754641994,0.9993180283511499,0.9994224533966939,7.65982466798605e-05,0.99939455322899,0.9994507305936912,0.26190762977169707,0.0234849860763746,7.5143774849740534,4.0,4.0,0.0,1.7487774554544859e-06,6.229619066033881e-05,2.3749667589223478e-06,-0.11699907899322518,9.682901621528968,39.98913208290469,1,True,transit,TIC_30329585.csv,1.27,6229.0,0.9674020500305124,59.42402920622314,0.0065771265277681,Success
14.791368522417807,13.68820975914482,8.0032e-05,3.260604770667733,0.019303962698911326,3315.7653990766285,0.09183456465881538,0.9947472084583168,0.9953106740242172,0.00015639411759529482,0.9954033995733155,0.9952411298623933,0.3608350664335565,0.06517818008610178,29.441559677321592,8.0,7.0,1.0,1.1456717752643939e-05,0.00028502931591240746,-0.0004302781228031627,0.08987922764268914,10.831947776460973,37.332570250029676,1,True,transit,TIC_193628179.csv,1.41,5957.4,1.6404697235178398,94.97437054284407,0.00653278529518,Success
,,,,,,,,,,,,,,,,,,,,,,,27.414567500003614,1,True,transit,TIC_289539327.csv,,,,,,Required feature(s) not computable: ['transit_shape_ratio']
,,,,,,,,,,,,,,,,,,,,,,,35.147365167038515,1,True,transit,TIC_457743020.csv,,,,,,Required feature(s) not computable: ['transit_shape_ratio']
,,,,,,,,,,,,,,,,,,,,,,,214.7997684580041,1,True,transit,TIC_434234955.csv,,,,,,Required feature(s) not computable: ['transit_shape_ratio']
10.603718735472189,9.895784146381423,8.0032e-05,3.0435080727080135,0.02099097199075084,3831.8018642378747,0.028590796366268358,0.9933687453406701,0.9938671799658096,0.0006881112034560148,0.9940214937743761,0.993752385547242,0.13582540049262273,0.07323269219230613,9.354472492515923,8.0,7.0,1.0,6.135152054611645e-05,0.0017978867660895376,0.0009507819473963952,-0.08684533913500309,34.74435383383214,39.23191883391701,1,True,transit,TIC_263203229.csv,1.55,6713.0,3.048138144217435,7340.020465867569,0.0377173636380535,Success
,,,,,,,,,,,,,,,,,,,,,,,34.89374729199335,1,True,transit,TIC_16920150.csv,,,,,,Required feature(s) not computable: ['transit_shape_ratio']
15.641448924881361,14.719124502548862,8.0032e-05,0.5423284723686126,0.0019951038696012224,1386.3798448118619,0.02782380204430561,0.9994115070471006,0.9994450148258945,5.3776431874262665e-05,0.9994515397530342,0.9994384898987551,0.08595499238915524,0.021816133380079237,10.360985884255511,37.0,32.0,5.0,1.8050288344287277e-06,0.00033525367225284387,0.00031958412552135496,0.2768658696776095,35.91930051312448,44.67510154098272,1,True,transit,TIC_281979481.csv,0.807298,5181.0,11.906890914071814,1225.0541752105714,0.0268259851197791,Success
,,,,,,,,,,,,,,,,,,,,,,,19.684569208067842,1,True,transit,TIC_180987952.csv,,,,,,Required feature(s) not computable: ['transit_shape_ratio']
,,,,,,,,,,,,,,,,,,,,,,,24.76127441704739,1,True,transit,TIC_207468071.csv,,,,,,"Required feature(s) not computable: ['depth_mean_odd', 'odd_even_mismatch']"
11.840189722095039,11.209380512637773,8.0032e-05,2.9873109378181195,0.03075540122520115,2582.707772146581,0.10425925448881378,0.9934458527293546,0.9940143340159597,0.00032954598870826456,0.9939052275845195,0.9941238041355048,0.23457367843621493,0.0728056770117171,18.599005150718714,9.0,8.0,1.0,6.214482536972719e-05,0.0009935947144391305,0.0021704493722227713,5.223999370059765,9.528610746357714,70.38878112495877,1,True,transit,TIC_71134735.csv,1.0,5778.0,2.9946271102101996,6581.359318977964,0.1095634158517426,Success
5.722475141521849,5.430270512091346,0.088355342,5.144015980785417,0.06748902251095634,1766.1894203319512,0.14567799083892324,0.9984066859212144,0.9983897681135553,0.00016540137074608837,0.9986222843018707,0.9981314167932047,1.2584709355806285,0.03589697426271266,13.040142395200311,5.0,4.0,1.0,2.5783152473270605e-07,0.0002610802354069243,0.0002735343036502913,0.8238439971124015,6.853517680822196,0.8238502499880269,1,True,transit,TIC_431585347.csv,2.32,9238.0,2.364603097642837,2670.858751448013,0.0447962948078319,Success
21.93217323316414,19.448095039193916,8.0032e-05,3.2497024404420256,0.007438527513741855,2720.462986748388,0.03177829693845931,0.9983034264506156,0.9985651764918921,0.00012105912314910602,0.9985773869904979,0.9985486564055426,0.08201218181086624,0.03704192028046863,15.281758381010594,7.0,7.0,0.0,1.412849362383417e-06,0.00042635078558305,6.29266371240389e-05,3.888917986291363,31.414629562556286,145.68732549995184,1,True,transit,TIC_317397615.csv,4.04,5182.0,3.249056512454218,1624.5704645424519,0.0263091335131643,Success
15.710840063976955,13.206283445562187,8.0032e-05,5.608077007953484,0.030734453270451656,2772.0719239924697,0.04057593192334059,0.9882160723308797,0.9889225617396321,0.0007645988800182978,0.98985085745848,0.9879942660207846,0.8666127583193151,0.09762300703420804,17.69523902641635,5.0,4.0,1.0,4.496855209236152e-05,0.0013389819671673494,-0.00038570127708759117,3.0960777924640466,24.354735072946678,70.48086145799607,1,True,transit,TIC_294599100.csv,1.07,5848.0,4.129671833362583,8755.75412606755,0.0307012951176995,Success
,,,,,,,,,,,,,,,,,,,,,,,0.8020834160270169,1,True,transit,TIC_122262940.csv,,,,,,"Required feature(s) not computable: ['FAP', 'transit_shape_ratio']"
,,,,,,,,,,,,,,,,,,,,,,,28.93228700000327,1,True,transit,TIC_58046864.csv,,,,,,Required feature(s) not computable: ['transit_shape_ratio']
12.565489530720356,12.553543335213565,8.0032e-05,1.7382198139560798,0.010065265168855309,2798.7583508167954,0.05824109045456005,0.9950163701483941,0.9957634280485312,0.00010112628110032643,0.9958336996236509,0.9956831176769659,0.5253317134054686,0.0634863027942745,47.688642640730244,15.0,15.0,0.0,4.98754798863298e-06,0.00022273080179159322,0.001012794464188005,0.9299134143228962,17.084439222935053,42.98954045900609,1,True,transit,TIC_358186451.csv,1.73,7176.0,0.869290515795275,4544.541014521397,0.0579125643748715,Success
13.262719735791958,13.261649199633302,8.0032e-05,1.7864914101034808,0.009659677423144108,2116.0896590192074,0.022621417083304576,0.9956193954739216,0.9961337049825253,0.00016513443573591878,0.9961998093612505,0.9960428114617779,0.33344471434086165,0.059521541566611595,43.09809952498171,15.0,14.0,1.0,1.9038414806281577e-06,0.0003267445475021078,0.00014892232833363384,2.347757050761242,44.0122469696527,49.13023299991619,1,True,transit,TIC_153027658.csv,1.54,5963.4,0.5952386643397666,4689.963968533384,0.0199724038776006,Success
11.074628923044795,10.110533370141994,8.0032e-05,7.329230450628762,0.05031993631720466,1328.3292058541783,0.15180451373742207,0.9983410468437791,0.9986121180794671,0.0001355761912271014,0.9986116051012406,0.9986125968591447,0.0026349565565275293,0.03662892798176932,13.395973454123897,4.0,4.0,0.0,2.9005034026228904e-07,0.00021772420113792666,4.707340384091374e-05,-0.05801962383934379,6.5764911876772025,3.1781944159884006,1,True,transit,TIC_79395355.csv,1.3,5926.0,1.5088913284671754,94.14162804921577,0.022047882842352,Success
,,,,,,,,,,,,,,,,,,,,,,,31.204518083948642,1,True,transit,TIC_142918609.csv,,,,,,"Required feature(s) not computable: ['FAP', 'depth_mean_odd', 'odd_even_mismatch', 'transit_shape_ratio']"
8.601300837700544,7.847688792099178,0.000480192,2.3500500819615313,0.021670891443326568,2203.8358886890405,0.06269717814788033,0.9994438524699357,0.9995352702502864,5.071081060104692e-05,0.9995463640410266,0.9995219675189121,0.16894406384443011,0.02120811908066069,10.127324180934721,11.0,11.0,0.0,1.0511022969102649e-06,0.00015337213800191326,7.832606649937901e-06,0.11216668792617836,15.940810766835526,17.287906749988906,1,True,transit,TIC_92013169.csv,2.37,7069.0,8.09686690624958,191.5400541143697,0.0103362578005805,Success
,,,,,,,,,,,,,,,,,,,,,,,25.72728383296635,1,True,transit,TIC_294173437.csv,,,,,,"Required feature(s) not computable: ['FAP', 'transit_shape_ratio']"
,,,,,,,,,,,,,,,,,,,,,,,24.10996887506917,1,True,transit,TIC_131419878.csv,,,,,,Required feature(s) not computable: ['transit_shape_ratio']
7.555165554526241,6.238284295744364,0.003681473,3.5751093971075916,0.045742912656376644,3479.96338612432,0.06834778051978374,0.9976548061265261,0.9976963842217291,0.00022550417917416014,0.9980569256955981,0.9971573929274606,1.4352828111660652,0.043550838627654395,11.075855772319002,8.0,5.0,3.0,1.0663663812011101e-05,0.0006268676917177502,0.0006486237593373856,-0.5825220521140485,14.596740355566455,17.032208583899774,1,True,transit,TIC_224418572.csv,1.94,5308.0,3.585473772226961,3101.902576435611,0.081031987319903,Success
,,,,,,,,,,,,,,,,,,,,,,,24.84921024995856,1,True,transit,TIC_384744828.csv,,,,,,Required feature(s) not computable: ['transit_shape_ratio']
,,,,,,,,,,,,,,,,,,,,,,,21.559759208001196,1,True,transit,TIC_297153209.csv,,,,,,Required feature(s) not computable: ['transit_shape_ratio']
,,,,,,,,,,,,,,,,,,,,,,,15.837636666023172,1,True,transit,TIC_445586472.csv,,,,,,"Required feature(s) not computable: ['FAP', 'transit_shape_ratio']"
21.12077853898597,17.586596215685866,8.0032e-05,0.3643790887886329,0.0005718235759016865,2447.8392877624137,0.012073515596332367,0.9799209645193406,0.9777902172331565,0.0021145745669365022,0.9792090479435865,0.9763907342142323,0.4714341465101799,0.12743202087773411,10.399023382960573,66.0,51.0,15.0,0.0019947074020333425,0.01438943020578963,0.007824963874193402,-0.05436952246018495,81.16285241864567,179.13137533399276,1,True,transit,TIC_369480087.csv,0.347331,3473.0,2.946931812775837,9280.206594484363,0.0121871905071101,Success
15.057293048090319,14.0123376882343,8.0032e-05,2.8547287950188704,0.01737626148501259,2581.6146691882263,0.05913320518836457,0.9929064664829411,0.9932294098501236,0.00022031235364154144,0.9934188311043028,0.9929793146004655,0.702362869191051,0.07574229486833212,70.82227664080303,9.0,7.0,2.0,2.7031725708486936e-06,0.0007419797673256021,0.00047155065351711656,-1.6175635998835032,16.79101383596761,67.4077772499295,1,True,transit,TIC_23650642.csv,1.01,5524.0,2.8500565782226444,7940.653950636367,0.0646418347988677,Success
,,,,,,,,,,,,,,,,,,,,,,,34.73323812498711,1,True,transit,TIC_154927364.csv,,,,,,Required feature(s) not computable: ['transit_shape_ratio']
26.307152254596563,26.306230826155595,8.0032e-05,1.084217792853355,0.003580861585726236,1791.3181868401284,0.021130119002699763,0.9849665964303461,0.9859495455253381,6.514034590723996e-05,0.9859572700653749,0.9859425934393048,0.08564352265311312,0.11026452347404207,231.49794867965971,22.0,19.0,3.0,2.0155402668269828e-07,0.00028394018495694234,1.2997301649164683e-05,3.874421346052954,46.61434212956863,4.208574417047203,1,True,transit,TIC_354400186.csv,1.0,5778.0,1.0835481540249436,13037.346791361815,0.0296516551311779,Success
,,,,,,,,,,,,,,,,,,,,,,,97.21888445795048,1,True,transit,TIC_359496368.csv,,,,,,"Required feature(s) not computable: ['depth_mean_odd', 'odd_even_mismatch', 'transit_shape_ratio']"
12.193940208337875,11.721791917241028,8.0032e-05,1.6500897736676634,0.008337368332534956,3312.9411870345666,0.024160552870579416,0.9974989429410152,0.9975148384014907,0.00010524745553166225,0.9976284685089742,0.9973460165275149,0.9386169336495973,0.04497476955420666,25.568165581091968,17.0,10.0,7.0,1.649776291856094e-06,0.0004571677254891718,0.00014105843404299545,0.29072680371926163,41.28626312006631,27.32955675001722,1,True,transit,TIC_456305193.csv,1.51,6040.0,4.6204544265042795,120.74409356321868,0.0351934113316071,Success
9.374167620986489,8.762239307236456,8.0032e-05,3.921500616463352,0.044995876583612926,3858.8526806737555,0.1515785607004199,0.9981800346709165,0.9984296968902036,0.00010257018868403602,0.9983726832985507,0.9984848100288015,0.3864525103260863,0.03836530932882269,15.8829563653525,6.0,6.0,0.0,6.306301698515286e-06,0.0002313539326769552,-0.00013409995731539226,2.32785406975681,6.5852323050073105,24.057220624992624,1,True,transit,TIC_31697707.csv,1.54,5642.0,0.6161640963438466,56.050918877947886,0.0192511056500357,Success
,,,,,,,,,,,,,,,,,,,,,,,161.12911770900246,1,True,transit,TIC_409459226.csv,,,,,,Required feature(s) not computable: ['transit_shape_ratio']
16.844609139033935,16.593558849187083,8.0032e-05,2.401283299124085,0.01056189082152259,2229.794951672148,0.028170487024126344,0.9995900283285497,0.9996185582590846,4.562664807683549e-05,0.999608155255873,0.9996346356276851,0.20615761887715647,0.018208915104569647,8.39968278079319,11.0,10.0,1.0,3.464737022132855e-07,8.870274834046164e-05,4.4001641410496006e-05,-1.4249800730833349,35.4835905915457,37.16761366603896,1,True,transit,TIC_169904935.csv,1.09,5613.0,2.4005137396320015,355.86497283979224,0.0301087280251051,Success
8.976005229466153,8.630659406627373,0.000240096,3.841299068075366,0.03831000268336937,3236.5223035432637,0.15172917617916518,0.9980924996392672,0.9981864978401364,0.00019610587320175252,0.9982214597106451,0.9981340550343731,0.1567602479472122,0.03927710423061613,8.971956391065085,6.0,5.0,1.0,2.2062838509045292e-05,0.00019645579701432943,-6.924412563336091e-07,-0.1392966384262195,6.578118492258189,20.70661979203578,1,True,transit,TIC_437893926.csv,2.02,6733.4,1.549972596229848,2156.7938461052318,0.0372040736376473,Success
8.664731725814582,7.505865406281073,0.00040016,5.4382204105860295,0.045288520249081365,1545.8842750950096,0.06042375854934444,0.9981661677554554,0.9983260479116431,0.00022244560158041473,0.9985881087598298,0.9980699429918242,0.8267981795975312,0.0385111909420552,13.740117308730305,5.0,4.0,1.0,2.5909663743783815e-06,0.00029469953446185037,7.899769201846762e-05,0.09611468312368847,16.519431953911198,58.544792041997425,1,True,transit,TIC_101497191.csv,1.0,5778.0,5.4492703986614295,4690.988786825612,0.024164601298357,Success
,,,,,,,,,,,,,,,,,,,,,,,26.55661629093811,1,True,transit,TIC_317507345.csv,,,,,,Required feature(s) not computable: ['transit_shape_ratio']
15.391644700253295,14.89007514601104,8.0032e-05,2.317527334042376,0.008063635655654933,2855.2126940196868,0.055184016269910124,0.991303754088996,0.9922232247453406,0.0003420006914714892,0.9922119702457636,0.9922326350201968,0.021614295299036402,0.08386351340436744,23.498237051934723,12.0,11.0,1.0,4.7868108026248736e-05,0.001012755257413456,0.00036373795196253944,1.1688902748034224,17.96360288893142,85.67457387503237,1,True,transit,TIC_2016376984.csv,1.0,5778.0,0.7271671656128786,7705.650495915206,0.0229931820894838,Success
13.821882797837917,10.542113506960153,8.0032e-05,5.631238340059086,0.05963141667513705,1821.4141243118618,0.09421987130563257,0.9988563549490261,0.9990220152063092,8.30948434637801e-05,0.9991157071849189,0.9989439385574679,0.7597020631091574,0.030412545683896827,11.495446095055929,4.0,4.0,0.0,7.067823610820002e-08,0.00019579008395880022,0.00015307269364006615,0.3675140787299927,10.60133431629208,6.169419124955311,1,True,transit,TIC_27677846.csv,0.79,5304.0,1.5564467638868973,188.69362197682094,0.0136338123989015,Success
17.856293731183726,17.762271562126774,8.0032e-05,0.6358405228965471,0.0021957298935106895,2391.0223629304605,0.07425516072962059,0.9926415961149244,0.99372230985451,2.2530805609529088e-05,0.9939275536034753,0.993525303899056,6.441197633014813,0.07714343226778853,270.13839110696483,44.0,43.0,1.0,2.490564800051571e-06,0.0007456427886233008,0.006363008127385994,4.301294926163698,13.367981246843588,104.55561766691972,1,True,transit,TIC_350995812.csv,1.0,5778.0,0.635364134408509,5706.562044098362,0.4787035209757634,Success
14.749717679796827,12.814742762121787,8.0032e-05,2.926702319372716,0.019957794125927464,1470.0550785007947,0.04624182275376344,0.9912099462219539,0.9903804290905021,0.0002545725497306615,0.9907579990264006,0.9898701994473956,1.3605178096640733,0.08431462502433831,38.92903672019844,7.0,7.0,0.0,4.696269569772064e-06,0.0009554366570009145,-0.0008483551599973715,0.9240362259195065,21.435356289913617,33.90233974996954,1,True,transit,TIC_172464366.csv,1.37266,6332.0,1.175779181248377,176.30598647477848,0.0018802159390545,Success
10.5077117599779,10.104256852829472,8.0032e-05,2.1571027384374752,0.01413684225135925,2989.250269382514,0.05313114888463957,0.9962222689472015,0.9967721444227517,0.00026900963831495256,0.9969637725401624,0.9965796831396132,0.50509378036668,0.0552742253582158,12.859154844342157,12.0,12.0,0.0,2.9104869600425913e-05,0.0011833760584799213,0.0006713492561152279,0.7053518653748744,18.75024895678876,36.020127333002165,1,True,transit,TIC_29336129.csv,1.6787,6361.0,1.0768457748764586,4285.86140810161,0.0357332130003377,Success
9.8906492593597,8.857037332849808,8.0032e-05,7.52027722698678,0.05017415376423706,2392.5069556511144,0.10320439754641994,0.9993180283511499,0.9994224533966939,7.65982466798605e-05,0.99939455322899,0.9994507305936912,0.26190762977169707,0.0234849860763746,7.5140226694523635,4.0,4.0,0.0,1.7489249167845031e-06,6.229619066033881e-05,1.7032231145464038e-06,-0.12595830187601093,9.682901621528968,43.81418120802846,1,True,transit,TIC_30329585.csv,1.27,6229.0,7.52441117847088,104.930709717177,0.0189421282375334,Success
,,,,,,,,,,,,,,,,,,,,,,,34.74426195898559,1,True,transit,TIC_73723286.csv,,,,,,Required feature(s) not computable: ['transit_shape_ratio']
6.469593290028914,6.494031749562347,0.023129252,3.307493910379522,0.03836654712400689,2089.25642724076,0.07963711029249072,0.9936391148754156,0.9946141147680551,9.285996810390885e-05,0.9946199293361607,0.9946083254806803,0.044205833467974694,0.07172423470841402,50.166104426014854,8.0,8.0,0.0,5.539659063222107e-06,0.00014306007315360487,0.0005967922484714228,0.6625528707454251,12.47708651438988,18.74312708398793,1,True,transit,TIC_220016044.csv,2.5465,6300.3,0.551461038983007,5470.960480049247,0.0814730869193103,Success
7.10672714752687,5.425131277861325,0.007843137,6.106427192557564,0.059867159798744574,2856.417269910019,0.031686224626713194,0.9967449165627662,0.9969073219616547,0.00027902750587942326,0.9970954280093017,0.9963430038187135,0.897573583342598,0.05130836900411894,18.52740433799287,5.0,4.0,1.0,2.5446140145882944e-06,0.0006259684928577676,2.0319048099404213e-05,-0.06309903677699889,31.456726962746345,41.59383479098324,1,True,transit,TIC_243153196.csv,2.04,6584.3,3.056447465858043,4592.737618598241,0.0270643460618369,Success
,,,,,,,,,,,,,,,,,,,,,,,22.19381104200147,1,True,transit,TIC_354285962.csv,,,,,,Required feature(s) not computable: ['FAP']
,,,,,,,,,,,,,,,,,,,,,,,45.596894624992274,1,True,transit,TIC_387527558.csv,,,,,,"Required feature(s) not computable: ['FAP', 'transit_shape_ratio']"
27.182834241338227,27.159298291360127,8.0032e-05,3.089331056966653,0.013489017370476697,1438.055854083546,0.043061321925600325,0.9887807448374094,0.9894114708935269,6.352170412248062e-05,0.9894488423477718,0.9893704615101078,0.4358643935956707,0.0952553022815273,241.42734948957857,9.0,8.0,1.0,1.3321952932956912e-07,0.00011597511292411426,8.116180512796056e-05,-0.8579913095530768,22.962154913539027,65.03144620894454,1,True,transit,TIC_143350972.csv,1.02,5759.2,3.0890555033190275,9822.730167180049,0.0513077800217983,Success
,,,,,,,,,,,,,,,,,,,,,,,23.135333833983168,1,True,transit,TIC_350743714.csv,,,,,,"Required feature(s) not computable: ['depth_mean_odd', 'odd_even_mismatch']"
13.783935816219051,13.102575413831461,8.0032e-05,1.4245802433446628,0.006040915324039164,1956.2962255579225,0.06003682845663963,0.9987344749606087,0.9988646810812912,7.91797745493791e-05,0.9989063697283689,0.99881211181958,0.41854882871202537,0.03199208301451594,15.115990605368205,19.0,18.0,1.0,4.372862699081615e-06,0.00035050186570210324,0.0003643743931531773,0.20725462667239664,16.635363669850154,44.553473625099286,1,True,transit,TIC_356919658.csv,1.32,6404.0,11.703928211422966,9345.490148524372,0.0079697819499938,Success
,,,,,,,,,,,,,,,,,,,,,,,47.972906750044785,1,True,transit,TIC_220518305.csv,,,,,,Required feature(s) not computable: ['transit_shape_ratio']
10.635998386868094,7.27260394500627,8.0032e-05,7.949896567271909,0.09762936636583985,1686.4115126177278,0.044168814883629816,0.9962220322685595,0.9975480098312111,0.001433165353312807,0.9963144492847767,1.0000151309240795,1.9007992547864532,0.05527595682394353,14.729256948026496,3.0,3.0,0.0,1.5694194388031412e-07,0.0017445748227094215,2.5397357501177886e-05,-0.6617671844348952,22.554873498265106,1.2133927500108257,1,True,transit,TIC_383723559.csv,2.18,6173.0,3.179248432850296,6825.712207141565,0.0104391022686417,Success
11.920708589646729,9.585472171146955,8.0032e-05,3.6857780287331434,0.027423648086550623,2666.684777160206,0.08190339684884036,0.9929151696568416,0.9940661889490618,0.0005476917641646867,0.9938990213962918,0.9941776339842421,0.17711330385285076,0.07569581586870824,10.442307498031926,7.0,5.0,2.0,9.470202565471096e-05,0.0007989725378886249,-0.0005013819834260858,-0.6015681786416167,12.123003536585307,40.1891825000057,1,True,transit,TIC_162577466.csv,1.11792,5801.0,5.089895087840546,358.1933886087629,0.0392132916598714,Success
,,,,,,,,,,,,,,,,,,,,,,,80.47880591603462,1,True,transit,TIC_117256577.csv,,,,,,Required feature(s) not computable: ['transit_shape_ratio']
,,,,,,,,,,,,,,,,,,,,,,,0.8898562920512632,1,True,transit,TIC_31114545.csv,,,,,,Required feature(s) not computable: ['FAP']
12.371123642969224,8.895278055437544,8.0032e-05,4.728591077658674,0.03688128580033867,1685.8859486464405,0.037954360344530445,0.9977996145670277,0.9978035695446357,0.0001226781972116817,0.9977435172698537,0.9978625299598762,0.34334343092029573,0.0421848517707049,33.207759680244905,6.0,4.0,2.0,4.69045389799577e-07,0.0004517114004480732,7.732300442231388e-05,-0.48479943470742315,26.28945937988438,25.17372283397708,1,True,transit,TIC_122220263.csv,1.65,6277.0,4.735901074624756,2574.4806986115477,0.0471124897410273,Success
,,,,,,,,,,,,,,,,,,,,,,,183.8404693750199,1,True,transit,TIC_339591840.csv,,,,,,Required feature(s) not computable: ['transit_shape_ratio']
7.026202074302601,6.602798538320933,0.008883553,1.96913774445392,0.011827831429944924,3690.5557873243606,0.04247424890275445,0.9972261960770524,0.9976596317528839,0.00033625377267919407,0.9972992810145757,0.9980166459102817,0.7554023157314242,0.04736363502397011,6.746396501034218,14.0,14.0,0.0,5.1682197092132956e-05,0.001135142073043957,0.0004273597902501036,1.2377458872805325,23.478371527186265,41.68203954200726,1,True,transit,TIC_268439377.csv,1.76,6198.4,0.9216008576316286,4689.963968533384,0.011462378078502,Success
,,,,,,,,,,,,,,,,,,,,,,,28.650642082910053,1,True,transit,TIC_367913453.csv,,,,,,"Required feature(s) not computable: ['FAP', 'transit_shape_ratio']"
10.645755012554694,8.989682139865502,8.0032e-05,6.154696768314681,0.06653818465955519,2396.355521673261,0.07752736744735735,0.9980233705434812,0.9983252117290328,0.0001130891205819826,0.9984415364277932,0.9982078390600135,0.7330136934109795,0.039982484577119004,33.43265872188738,4.0,4.0,0.0,5.463748944736924e-07,0.00022933234335138143,9.54706068565514e-05,-0.6404420980399331,12.873175027143278,31.763070584041998,1,True,transit,TIC_69997672.csv,2.2,6244.0,6.170619908703222,3009.4141802119443,0.0487794944948789,Success
,,,,,,,,,,,,,,,,,,,,,,,234.14083654200658,1,True,transit,TIC_387664866.csv,,,,,,Required feature(s) not computable: ['transit_shape_ratio']
18.48383528133317,16.320511534747215,8.0032e-05,0.629039674497095,0.002539729376255462,1411.1130790769946,0.02810147116009532,0.9975315934839989,0.9977710752311236,0.00018240101483878935,0.997619473647779,0.9979378369728023,0.6240692363651301,0.04468023914233111,12.758792828704548,41.0,31.0,10.0,1.3383696288806872e-06,0.001135216967468046,0.0017417201528461268,-0.9644621485364999,35.497486512397074,5.232057375018485,1,True,transit,TIC_219366908.csv,0.79,5508.0,9.698823181745182,7897.374456828033,0.0273001299365234,Success
,,,,,,,,,,,,,,,,,,,,,,,70.51562483294401,1,True,transit,TIC_102283403.csv,,,,,,Required feature(s) not computable: ['transit_shape_ratio']
,,,,,,,,,,,,,,,,,,,,,,,37.878786790999584,1,True,transit,TIC_277987172.csv,,,,,,Required feature(s) not computable: ['FAP']
,,,,,,,,,,,,,,,,,,,,,,,10.925833250046708,1,True,transit,TIC_78672342.csv,,,,,,Required feature(s) not computable: ['transit_shape_ratio']
,,,,,,,,,,,,,,,,,,,,,,,27.27217324997764,1,True,transit,TIC_120602501.csv,,,,,,Required feature(s) not computable: ['transit_shape_ratio']
,,,,,,,,,,,,,,,,,,,,,,,53.0260837089736,1,True,transit,TIC_400476523.csv,,,,,,Required feature(s) not computable: ['transit_shape_ratio']
19.495245396153315,19.25764195877469,8.0032e-05,0.9671019640605226,0.002693346596664037,1683.4795216486411,0.030679486291478743,0.9919762750120077,0.992987459340013,0.00010496673604863904,0.993081159962522,0.992899576730013,0.6194883683549192,0.0805554938166155,80.8409281546349,28.0,27.0,1.0,4.507355610866988e-06,0.0012968358944576042,0.0008859299999999237,0.8870135250683845,32.33353601776344,98.33923691592645,1,True,transit,TIC_258777134.csv,1.0,5778.0,0.4836340746970882,7125.646672230035,0.0325179164867991,Success
26.595971508926755,26.570078924412837,8.0032e-05,1.0362278897327268,0.0029827083377801378,2420.0106488751567,0.022576304595045782,0.9686890977932188,0.9726214560208847,0.00036086546081805964,0.9732553030831018,0.9719484019238913,1.2872625809954128,0.15913105341112502,179.68625437288148,26.0,25.0,1.0,1.0116340507813832e-05,0.002377685630574515,0.00134112671277542,20.90744654610652,42.90733648259649,94.64250862493645,1,True,transit,TIC_89510024.csv,1.0,5778.0,1.0360619570841385,27423.851660627995,0.0268049083407462,Success
,,,,,,,,,,,,,,,,,,,,,,,51.45060641691089,1,True,transit,TIC_437156845.csv,,,,,,Required feature(s) not computable: ['transit_shape_ratio']
6.533227589113316,6.445968848154483,0.021368547,2.1016070592404845,0.028977827332474337,1386.5516307140426,0.0335900109251599,0.9931236022374106,0.9925972681991758,0.0004404126089666028,0.9933481361533213,0.991990316602908,1.09031892749046,0.07457403496186987,56.28092825913358,10.0,9.0,1.0,3.3916134083022825e-06,0.005318753535032423,0.0005046746163815952,-1.2816007823556343,29.566039869714125,18.505186958005652,1,True,transit,TIC_350743714.csv,1.91151,6038.0,2.1105991010314864,12288.016923696188,0.0628182608358995,Success
7.096989884158621,6.321627414829253,0.008003201,2.5876781075269535,0.05129691129969105,1792.5166487621075,0.27472038086871486,0.9982122996584182,0.998473720179506,4.094179723081104e-05,0.998449402676609,0.9984966612199748,0.40835518762897666,0.03802371169749605,17.554865152602073,9.0,8.0,1.0,6.924284709898652e-07,0.00019554920266999553,0.0015044105682129327,0.9029688943390934,3.6335574976341136,3.6569457500008866,1,True,transit,TIC_71854745.csv,1.0,5778.0,2.2006840023720113,632.6203235783589,0.0196164360416216,Success
6.739875189345371,5.050622631364665,0.014805922,2.930574964280883,0.033628558033385936,2202.4574748757022,0.0475706752538517,0.9988324612142896,0.9989478530906423,0.00012322535238524623,0.9991466744433986,0.9987490317378861,1.1464345635061035,0.030728602196378758,11.195723668183685,9.0,8.0,1.0,2.4213664862491852e-06,0.0003208100350838461,0.00018137856029132315,1.048486014604679,20.996810658755912,19.10181116592139,1,True,transit,TIC_124543547.csv,2.74,5652.0,2.9259584899291067,2626.814273446798,0.0210518876613285,Success
6.102579670217153,5.545970272215137,0.046018407,3.8872113287565404,0.05279742077781924,1957.7290385582462,0.08017867538476811,0.9986909894652919,0.9987682296633531,0.00021926688763278994,0.9987018964154281,0.9988724676243781,0.2582100008599094,0.0325370906804094,7.610475134682819,7.0,5.0,2.0,4.6276155669913123e-07,0.00042780512878082234,0.0001235072204237575,1.0741808314514332,12.455818017355492,2.12657862494234,1,True,transit,TIC_372505528.csv,1.51,6827.0,1.4163734115086009,501.03355043040756,0.0990258534256208,Success
11.330490235888485,11.128064845816635,8.0032e-05,7.843256273235364,0.0629022242502244,2394.4345174899827,0.15006059953775314,0.9930557991407432,0.9932344511551157,0.00018342288086007605,0.992580301372549,0.9939016839333332,2.6090498634860535,0.07494079292964528,28.512472900647477,4.0,4.0,0.0,1.648323848528389e-05,0.0008936719967779979,-5.5099999999974614e-05,0.4750691188844583,6.617698464485371,77.13522333395667,1,True,transit,TIC_1717732429.csv,1.0,5778.0,13.13562206847548,2128.086022929354,0.0294954863924466,Success
16.56143820852423,15.66527184861071,8.0032e-05,3.2617422628078208,0.015110178251592998,1354.548515853444,0.07574047885430031,0.9980635435638087,0.9983193692375923,9.827257300075353e-05,0.9983934694458388,0.9982452690293462,0.5390864569846195,0.03957409686612877,16.365125708848904,9.0,8.0,1.0,2.7878008063770414e-07,0.0002172788748282864,0.0002616471237533169,-2.7877337709513412,13.177412641973833,4.332917125080712,1,True,transit,TIC_9102327.csv,1.13,5963.0,4.526456373210631,586.0344041164201,0.0664269785028689,Success
14.379658459839217,13.271157566369073,8.0032e-05,2.224755207950334,0.00440165559588479,3436.544130609664,0.0179641785830293,0.989608985338643,0.9874197287563522,0.0021355366041335383,0.9862678573539374,0.9892253650087858,0.4824949710229789,0.09167187740726394,5.84680462618996,8.0,5.0,3.0,0.0004385680687417382,0.003166633378203382,-8.619277043231399e-05,1.8116028492396545,55.087906233214774,111.06169554102235,1,True,transit,TIC_103865797.csv,0.36,3157.0,6.542635589043776,4519.778110247952,0.1086743958809636,Success
15.53982975199056,14.801327369809794,8.0032e-05,2.213347820292442,0.013352618623797108,2281.763420857007,0.054170711072361676,0.9945460154839069,0.9951282024701028,0.0001434186587758893,0.9950380902632705,0.9952183146769351,0.4448128004993669,0.06641468194149787,85.40151024811766,11.0,10.0,1.0,1.3966979256649468e-06,0.0008932206445852681,0.00044346233050918116,1.3754764776887063,18.359478688684447,65.17639049992431,1,True,transit,TIC_458856474.csv,1.0,8719.5,2.2102666340914796,5728.105282744811,0.0486556121936322,Success
7.504679754560261,7.233397868439923,0.004001601,1.7830203337615553,0.01192986735143231,3666.485823749873,0.017038665455455664,0.9936400478601413,0.9928420494142893,0.001037179455102841,0.9872273053724064,1.0007579180635011,5.368108014180375,0.07171897442874343,8.311592032333406,13.0,12.0,1.0,0.00010845531617323396,0.007152491896502984,0.0016103457468816806,3.2774861430735545,58.31677665471062,33.86078629200347,1,True,transit,TIC_294315741.csv,1.71,7819.0,4.992397227760311,903.0671474266061,0.0691127362863956,Success
8.625793505828751,8.018493274513622,0.00040016,1.7751624097738412,0.007771063856449989,3236.34917992469,0.032939029507394704,0.9989302558513532,0.9990736101090363,0.00014059313503714165,0.998831821395992,0.9993153988220803,1.222987479235587,0.02941352716384249,6.3343934096484,14.0,12.0,2.0,5.980424810798908e-06,0.00043449846369263465,6.433019392404482e-05,1.381020789579834,30.326645040561885,50.459144375054166,1,True,transit,TIC_6653897.csv,1.13,6238.2,2.6875867966563134,505.0772859636066,0.0096272276080356,Success
,,,,,,,,,,,,,,,,,,,,,,,37.036612792056985,1,True,transit,TIC_45465399.csv,,,,,,Required feature(s) not computable: ['FAP']
,,,,,,,,,,,,,,,,,,,,,,,85.45897679193877,1,True,transit,TIC_100589632.csv,,,,,,Required feature(s) not computable: ['transit_shape_ratio']
11.416391888252791,10.536781273084252,8.0032e-05,2.923181474194109,0.012658209720188163,3560.394917825018,0.030065537105582494,0.9992747521484392,0.9993259258728857,0.0001314676303496517,0.9994669240708048,0.9991849276749667,0.7610705731220699,0.024218674611749546,12.107134504986794,9.0,8.0,1.0,5.641024593523005e-07,0.00022217462580397828,3.7977631768937314e-05,-0.6271463376347988,33.23655082692324,162.23592945793644,1,True,transit,TIC_56231866.csv,5.53,4758.0,2.9244256926047907,4362.257395844172,0.0048440321178658,Success
17.453045154189688,16.03131260204861,8.0032e-05,3.539574491805518,0.0166565028834067,3749.5901935120355,0.08773456446791487,0.992251675953378,0.9927985667281842,0.00024240638558866817,0.9927222460559287,0.9929078440543684,0.26204767364029125,0.07916095674450574,29.12550111817309,8.0,7.0,1.0,2.569319534520101e-05,0.0005266788666830078,-0.0007578289047447395,44.87066583850826,11.309700822829653,65.9584298330592,1,True,transit,TIC_372596796.csv,1.14,5971.0,4.731676482817095,1183.3181416304183,0.0482933495421454,Success
,,,,,,,,,,,,,,,,,,,,,,,155.1963520840509,1,True,transit,TIC_267561446.csv,,,,,,Required feature(s) not computable: ['transit_shape_ratio']
7.646063266430309,4.633354603045823,0.002881152,2.132782038446023,0.01782413020989515,2797.4262410428205,0.028901981197955194,0.996892919402875,0.997373208055533,0.0012370728061767418,0.9976308956225092,0.9971306785807315,0.14335249722013158,0.050128349593067584,13.20183253299974,13.0,8.0,5.0,2.3189691895620344e-06,0.002589318023577165,4.98106736354087e-05,0.577516368713728,34.492200122025025,5.1150799579918385,1,True,transit,TIC_467006627.csv,1.56,6120.0,2.129397354281084,20165.603077075044,0.0066403520163034,Success
,,,,,,,,,,,,,,,,,,,,,,,47.705621249973774,1,True,transit,TIC_129107501.csv,,,,,,Required feature(s) not computable: ['transit_shape_ratio']
,,,,,,,,,,,,,,,,,,,,,,,40.59154929104261,1,True,transit,TIC_166190643.csv,,,,,,"Required feature(s) not computable: ['FAP', 'transit_shape_ratio']"
26.29276065559776,26.29081620007086,8.0032e-05,1.211521486735471,0.004152157224100894,1791.6450789626447,0.06345967950388959,0.989874936581197,0.9909030328025172,0.0002084134401889347,0.9908654106798995,0.9909451695798491,0.13584072527659022,0.09049113238299626,248.03464026756123,19.0,17.0,2.0,1.4917190406850856e-07,0.0006530802008051803,0.00693786611530256,-9.603376809007022,15.598486224950525,4.117404165910557,1,True,transit,TIC_354400186.csv,1.0,5778.0,1.2117977585872903,9136.79483384977,0.0738678115063906,Success
,,,,,,,,,,,,,,,,,,,,,,,265.57387500000186,1,True,transit,TIC_432008938.csv,,,,,,Required feature(s) not computable: ['transit_shape_ratio']
6.775007736778485,6.138833566997764,0.013845538,1.9316432535341745,0.013311258904084577,1765.9923730593723,0.03434736217318936,0.9964900814910906,0.9969723857059941,0.000888274339523542,0.9976514639177178,0.9963903186673736,0.5161729830590099,0.053278950759943135,11.635022274143378,12.0,9.0,3.0,1.086618422087184e-06,0.0022315712967213453,7.417993759917252e-05,-0.1898757840079922,29.012128397706313,1.5257310000015423,1,True,transit,TIC_354600221.csv,1.68,6329.0,0.4836340746970882,5951.935650875595,0.0154679586329241,Success
,,,,,,,,,,,,,,,,,,,,,,,221.75846420798916,1,True,transit,TIC_125894957.csv,,,,,,Required feature(s) not computable: ['transit_shape_ratio']
,,,,,,,,,,,,,,,,,,,,,,,19.18268766696565,1,True,transit,TIC_373785851.csv,,,,,,"Required feature(s) not computable: ['FAP', 'depth_mean_even', 'odd_even_mismatch']"
11.828094090161763,11.614043104182485,8.0032e-05,2.3767309462664685,0.016297207423315196,3041.5220980613694,0.03979862833774376,0.9989375833103885,0.9990987265903581,9.703156966152108e-05,0.9991532943319275,0.9990330926634355,0.43703814803031293,0.02931261669867247,17.082095907240255,11.0,11.0,0.0,9.127787466370865e-07,0.00022580620590798684,4.073980212360162e-05,0.19571697258151086,25.099799290394834,37.51315849996172,1,True,transit,TIC_178959058.csv,1.68,6793.0,1.1898629896806263,3066.656261854761,0.011462378078502,Success
20.306313130630585,19.126079522316974,8.0032e-05,1.0326137794848351,0.0025258130473002627,1683.954188289014,0.05620383940938334,0.9889966729354666,0.9896704390560146,0.0007418122172988886,0.9896467427934901,0.9896968191493776,0.023925603395545718,0.09433419721098718,13.641030239410131,26.0,19.0,7.0,0.00043408865921974705,0.0035824559826327317,0.00812345427272243,0.3785871329423228,17.596603422974546,777.6537430419121,1,True,transit,TIC_274762761.csv,0.156193,2972.0,0.7993774245073123,1124.1299613083954,0.050447082507958,Success
,,,,,,,,,,,,,,,,,,,,,,,3.105615874985233,1,True,transit,TIC_253917293.csv,,,,,,"Required feature(s) not computable: ['FAP', 'transit_shape_ratio']"
14.133842639503138,14.021922079921005,8.0032e-05,1.5404106254455117,0.005394493150520652,2229.304136865292,0.04372747261718054,0.9947628972567683,0.9950381511058238,0.00014332290901291828,0.9956174233997639,0.9944588788118836,3.036219873995336,0.06508077168863838,54.66559435630792,17.0,16.0,1.0,3.620576862223066e-06,0.0008303701084969425,0.0004175820860101709,0.006968478887030293,22.749151453723066,73.39313374995254,1,True,transit,TIC_279999655.csv,1.0,5778.0,0.6177418671305924,9791.494939008438,0.0079201790846831,Success
,,,,,,,,,,,,,,,,,,,,,,,90.11092558305245,1,True,transit,TIC_239541449.csv,,,,,,Required feature(s) not computable: ['transit_shape_ratio']
,,,,,,,,,,,,,,,,,,,,,,,28.311460916069336,1,True,transit,TIC_138017750.csv,,,,,,"Required feature(s) not computable: ['period_uncertainty', 'transit_shape_ratio']"
,,,,,,,,,,,,,,,,,,,,,,,38.8584540419979,1,True,transit,TIC_457138169.csv,,,,,,Required feature(s) not computable: ['transit_shape_ratio']
18.96137871221322,18.894975966051287,8.0032e-05,1.7076751498388363,0.008642086460441623,1684.1058245339977,0.04876805263147911,0.9963155133387042,0.9968402178978036,0.00010146226623931868,0.9968213455143008,0.9968591591586186,0.13176844389163953,0.05458780621460263,277.01618933281355,16.0,16.0,0.0,2.523355264820206e-07,0.0003294794344805513,8.767040915258484e-05,0.4367317902264436,20.429675977990478,74.5961089170305,1,True,transit,TIC_224600500.csv,1.0,5778.0,1.7099398747184946,4781.280638328833,0.0380704460245006,Success
,,,,,,,,,,,,,,,,,,,,,,,28.446673666941933,1,True,transit,TIC_48476907.csv,,,,,,Required feature(s) not computable: ['transit_shape_ratio']
,,,,,,,,,,,,,,,,,,,,,,,3.3377517499029636,1,True,transit,TIC_403287048.csv,,,,,,Required feature(s) not computable: ['FAP']
8.874140071060273,8.30169356003915,0.000240096,2.322581007096375,0.0184826628865713,3397.0571107738538,0.027415874314130544,0.9991351690581304,0.9991502184261443,9.717814311156639e-05,0.9991412176522568,0.9991592192000318,0.06558324524549912,0.02644677719944447,9.11289181891018,12.0,8.0,4.0,1.374886816562184e-06,0.00015366965366315195,4.154631229802419e-05,0.44974498560537796,36.44367338462598,18.435873165959492,1,True,transit,TIC_67309890.csv,2.23,5843.7,1.358142611889825,200.71341112803952,0.0246786828100512,Success
27.982648788453716,27.275827518965492,8.0032e-05,0.750221204423074,0.0012924018278295257,2420.6316316711595,0.02030240334582635,0.9962822604484322,0.9965840292997927,0.0003210212861869937,0.9966774224337471,0.9964874295346295,0.2091939317182648,0.05483358334388237,44.94467216381115,35.0,33.0,2.0,3.8719907721128e-06,0.0004774742702313294,0.00014735999072312822,1.4464173212621012,49.07213414481011,267.1711615419481,1,True,transit,TIC_276380902.csv,3.14,9603.0,0.7503986429819693,16827.706346455583,0.0043852322386485,Success
10.373119159463489,5.8423907945214575,8.0032e-05,10.31153373089424,0.17885803907090114,3240.495958714491,0.04553976278620144,0.9932326203445959,0.9943198935444053,0.000399044851946672,0.997878869131168,0.9924864818784972,11.625465823743651,0.07398052646682132,30.461710791129413,2.0,2.0,0.0,1.6270403339708517e-06,0.002696193626335386,3.9346702004783296e-05,-1.034817755664924,21.810228239606587,55.996452374965884,1,True,transit,TIC_19155785.csv,1.0,5691.0,10.202054730284676,6690.169373466004,0.0712662983589918,Success
16.989056558303638,16.93842733569499,8.0032e-05,1.617324259720635,0.008722374072130057,2202.946634299439,0.023507258846886366,0.9986318308907374,0.9987238088585316,4.256650922974646e-05,0.9987326625547379,0.9987132950942869,0.1615891892047915,0.033264196474830886,40.05700419080881,16.0,15.0,1.0,2.1472695877203416e-07,0.00011845858908866177,7.946598045160957e-05,-0.48201362805558023,42.481849431926015,31.315017458051443,1,True,transit,TIC_440801822.csv,1.57,6858.5,1.6171999002184334,1371.3944886631912,0.0225095300069194,Success
,,,,,,,,,,,,,,,,,,,,,,,22.4516817079857,1,True,transit,TIC_430677414.csv,,,,,,Required feature(s) not computable: ['transit_shape_ratio']
14.119766685334982,9.924087136901878,8.0032e-05,0.8835539764716296,0.0028625164966857297,1711.9710066290652,0.020350697272427814,0.9989972920154019,0.9990333374573795,0.00013118881206684402,0.9991299233202194,0.9989543126605107,0.4764983308719012,0.02847700971913531,7.631584037000873,29.0,20.0,9.0,3.243542577570957e-07,0.0005866942033378159,0.00015125537906235387,-3.500104280064413,49.08909403162787,3.0291100000031292,1,True,transit,TIC_387603144.csv,1.16,6223.0,0.8831549221047217,907.7962095476178,0.0203095257613521,Success
,,,,,,,,,,,,,,,,,,,,,,,2.9491835839580745,1,True,transit,TIC_344600402.csv,,,,,,"Required feature(s) not computable: ['period_uncertainty', 'depth_mean_odd', 'odd_even_mismatch', 'depth_consistency_std']"
,,,,,,,,,,,,,,,,,,,,,,,1.6028764579677954,1,True,transit,TIC_434100688.csv,,,,,,Required feature(s) not computable: ['FAP']
,,,,,,,,,,,,,,,,,,,,,,,236.27828799991403,1,True,transit,TIC_188989177.csv,,,,,,Required feature(s) not computable: ['transit_shape_ratio']
,,,,,,,,,,,,,,,,,,,,,,,77.35670416604262,1,True,transit,TIC_384045439.csv,,,,,,Required feature(s) not computable: ['transit_shape_ratio']
5.9264902050545345,5.228710198508777,0.064105642,1.7041487207686954,0.00933020161591025,2826.9053002385926,0.02453124205587759,0.9998165457685989,0.9997917390091122,6.748663802881477e-05,0.9997806262381221,0.9998016414783112,0.10956285058603722,0.012180665402416791,3.0730266424214823,16.0,15.0,1.0,8.758332091795861e-07,0.00013406460773121557,-1.3373439330388592e-05,-1.9215502253671841,40.75686601971492,24.885639582993463,1,True,transit,TIC_468472950.csv,1.69,6301.3,6.449763347203255,290.2627228456023,0.0055936661493784,Success
15.409796334208774,14.3935689540321,8.0032e-05,0.9011817165796513,0.0034366161382243243,1791.4795016652383,0.07509487747144782,0.9978742067150354,0.9980587991102083,0.00018027834337973857,0.997958830712063,0.9981678402705384,0.40943719313776705,0.041463662636279014,10.375433724198963,26.0,23.0,3.0,4.3071527858266606e-05,0.000672745318646502,0.0016971312869181743,-0.9361980107887872,13.28817943799751,89.32333904202096,1,True,transit,TIC_348673213.csv,0.611023,3896.0,6.477502398633386,157.3243961343618,0.0720320648085983,Success
,,,,,,,,,,,,,,,,,,,,,,,62.2421350000659,1,True,transit,TIC_268405086.csv,,,,,,Required feature(s) not computable: ['FAP']
12.453212784272985,11.856997402452334,8.0032e-05,3.5384092209013027,0.0282513490127434,1740.136529137994,0.02497958814752055,0.9947113858345312,0.9968513632174356,0.001119318243419208,0.9968176729876586,0.99691874367699,0.029270377223907497,0.06540005127156148,13.380456228774825,7.0,6.0,1.0,2.8709625488829964e-07,0.0027417585561654344,0.00012906690119784958,0.024088434365555304,39.82096822253914,1.5894337500212714,1,True,transit,TIC_405794804.csv,1.65,8009.0,1.769358854035178,5092.709012226027,0.0204189854995247,Success
8.313773327151308,5.794975405928209,0.001040416,2.3986924843781914,0.01575363809850061,2256.580923568851,0.06880038310174659,0.9987136744958837,0.9987844019907176,8.618022286681084e-05,0.998600917199932,0.998922951730698,1.3131632304779568,0.03225392614014746,14.760945130404195,10.0,7.0,3.0,2.3305771319580276e-06,0.00033617103676328357,0.0004599683405306365,0.6901455907242201,14.516106298694869,25.918989832978696,1,True,transit,TIC_146244533.csv,1.58,8072.0,2.394950578705085,1319.259775465653,0.0829086448681679,Success
14.083667489784803,13.484232171316899,8.0032e-05,1.7848124849184117,0.007849744822324145,2798.8838671569097,0.06418771174847515,0.9988151019315161,0.9988813658566271,3.278979228071978e-05,0.9988587074221987,0.9989130095322938,0.5772250395440326,0.030956199910298,33.434897011799215,15.0,12.0,3.0,6.222776418620097e-07,0.0001629559057894689,0.00029305985757355213,1.0051602395484842,15.560846067319794,73.92492304195184,1,True,transit,TIC_167098530.csv,0.87,5159.2,2.2968260309561974,130.93353829563003,0.1211979302486398,Success
12.863102189514366,12.825151161457486,8.0032e-05,5.338791347166435,0.0555561139624654,2232.358198564119,0.2645776165209646,0.9888775936890066,0.9904866341314689,9.618016530253517e-05,0.9905039767832882,0.9904608483465269,0.15777132510121653,0.0948432712637849,148.19092728710052,5.0,5.0,0.0,1.5040696882026188e-06,4.413714136167275e-05,0.001964888673699816,-3.2908327667406647,3.7375708750125876,22.796443999977782,1,True,transit,TIC_93594834.csv,1.96337,5322.0,5.333180902090724,9877.3946131524,0.2694018335491653,Success
12.66187106312639,12.576073591371632,8.0032e-05,0.9942992157263166,0.00556822383786143,1386.2794137105511,0.07062635981428052,0.9994762827882009,0.9995331848559894,1.6539544591285715e-05,0.9995451905281716,0.9995213244137128,0.5103483195158761,0.020580483352985967,31.01412685245952,21.0,20.0,1.0,2.274870036865421e-07,5.857279299219681e-05,0.0003660088706654019,0.5125710635630697,14.151604095360847,51.66374404204544,1,True,transit,TIC_404518509.csv,1.0,5778.0,0.9960669854798898,496.74005064359596,0.0673036530148449,Success
14.568621936259007,14.069140486201528,8.0032e-05,6.107051851978672,0.062488925094321246,1545.2550219994391,0.03671543577836398,0.9951729682253468,0.996010056086502,0.0002454275430658185,0.9959035929168464,0.9961145477159786,0.3043253612788501,0.062480892661282775,63.95862532109406,4.0,4.0,0.0,3.7063186234304046e-07,0.0001465475004183974,2.4081651756824307e-05,-0.028561343608229754,27.10502945498993,39.97760845790617,1,True,transit,TIC_373424049.csv,1.82039,8688.0,6.109174667704085,5167.188136456558,0.0296196949333821,Success
,,,,,,,,,,,,,,,,,,,,,,,39.891674625105225,1,True,transit,TIC_389525208.csv,,,,,,"Required feature(s) not computable: ['FAP', 'transit_shape_ratio']"
,,,,,,,,,,,,,,,,,,,,,,,27.5935855419375,1,True,transit,TIC_350743714.csv,,,,,,"Required feature(s) not computable: ['depth_mean_odd', 'odd_even_mismatch']"
11.848122082831123,11.823233465518767,8.0032e-05,1.3029614670198337,0.009527878579287163,2282.0974539330787,0.10528878580132657,0.9978282920727205,0.9980735873688275,3.08813529748542e-05,0.9980778853389678,0.9980681935019179,0.11118946632920573,0.04190905374960516,61.54999364274219,19.0,18.0,1.0,1.1252046179584745e-06,0.00013638277229097149,0.0018343692186946203,0.9709501435553093,9.477061440860005,61.186295917024836,1,True,transit,TIC_464296022.csv,1.07,4807.6,0.6524381680855065,1948.769539874995,0.2261072645069219,Success
,,,,,,,,,,,,,,,,,,,,,,,69.48674329102505,1,True,transit,TIC_417705690.csv,,,,,,Required feature(s) not computable: ['transit_shape_ratio']
23.50126450164371,21.5260240689652,8.0032e-05,1.666448495667169,0.00648807477312352,1468.4908170910678,0.10728475754974938,0.9710689061854502,0.9747996852574754,0.0006656687666837545,0.9733784643748294,0.9763743857170811,1.5939427556437515,0.15296412037637186,38.84068928270977,13.0,13.0,0.0,0.0004107716969049941,0.0036411991356451174,0.016074658130997843,-0.5640014948793349,9.051322185587757,600.568555249949,1,True,transit,TIC_438490744.csv,0.172,3021.0,1.2423706087991309,129.5803483624125,0.0488607649760778,Success
16.651806255277158,15.430619699093233,8.0032e-05,3.8947113898876133,0.010953813763661557,2391.404780867098,0.03204081389457688,0.9984749930222939,0.9987079714525208,0.00010402585971443143,0.998868490585773,0.9985474523192686,1.0991446151584967,0.03511907449264275,12.655518478227414,8.0,8.0,0.0,1.9116821524725494e-06,0.0003401072394004204,5.2029953698795595e-05,0.7223449155667832,31.162597688921142,260.2861227079993,1,True,transit,TIC_315755496.csv,5.2787499,4772.0,3.892870878197899,1397.1205022700328,0.0336848436437063,Success
,,,,,,,,,,,,,,,,,,,,,,,132.44070812501013,1,True,transit,TIC_298049015.csv,,,,,,Required feature(s) not computable: ['transit_shape_ratio']
5.777024850505514,5.134048963575676,0.081232493,0.739391200525357,0.001995756441252494,1386.6633086944923,0.018400926150988702,0.9994807225732414,0.9994949977591238,0.00010305675699272242,0.9993704638615013,0.9996484090822818,0.9544121878317652,0.02049306270158339,5.142938025520358,27.0,24.0,3.0,2.9734771913914143e-06,0.0005499483169620775,0.000155654952244344,-0.4994926068992645,54.31687048640963,58.22947858297266,1,True,transit,TIC_65347776.csv,0.8,5095.0,6.405798028101508,1409.2269450736162,0.0067966616549318,Success
,,,,,,,,,,,,,,,,,,,,,,,68.40251012495719,1,True,transit,TIC_377191482.csv,,,,,,Required feature(s) not computable: ['transit_shape_ratio']
,,,,,,,,,,,,,,,,,,,,,,,33.81964224996045,1,True,transit,TIC_31656385.csv,,,,,,Required feature(s) not computable: ['FAP']
6.3233192523937385,5.675723982325996,0.031612645,4.08778237336708,0.020439664796343848,2477.3999774051654,0.023929437795636707,0.9992448861560477,0.9992517320472755,0.00014029719800648719,0.9990956971042958,0.9993567555665883,0.6577643283139274,0.02471231112818961,5.0001290792193975,6.0,5.0,1.0,1.94429827820762e-06,0.0003044883233878611,1.3743031537560846e-05,1.4282052026172973,41.75797587431202,66.06562141689938,1,True,transit,TIC_312122956.csv,1.0,5778.0,3.9824547355854465,780.1701351224377,0.0030284415965864,Success
6.5859034746845975,5.748342311570911,0.019207683,0.9888850376179742,0.00182841929791,2797.975142870592,0.0037225909843406567,0.9997117873666739,0.9995104401009096,0.00013559035684764672,0.9993353158589933,0.9997512359335445,1.0781228497839876,0.01526734971114838,3.196615342572479,27.0,19.0,8.0,1.3338992133294497e-06,0.0006463606050778117,7.551891739399075e-05,-0.2986533774159128,268.55268053139133,188.70736858295277,1,True,transit,TIC_195199644.csv,5.46,7315.0,0.5929338850336927,134.04984626241844,0.0525841618264114,Success
,,,,,,,,,,,,,,,,,,,,,,,38.43414595804643,1,True,transit,TIC_73723286.csv,,,,,,"Required feature(s) not computable: ['FAP', 'transit_shape_ratio']"
,,,,,,,,,,,,,,,,,,,,,,,34.24474537500646,1,True,transit,TIC_398912927.csv,,,,,,Required feature(s) not computable: ['transit_shape_ratio']
13.650881100622625,12.419937668640317,8.0032e-05,1.9767177757205923,0.010335159348154987,2797.7756723254674,0.04460361554723372,0.9878324310140737,0.9878517571621098,0.0010830657233616774,0.989944291392516,0.9864676329576225,1.1188168028726906,0.09919940230348112,11.649940337692131,14.0,10.0,4.0,0.00034676656402667566,0.0024723304116636593,0.0007600327577281796,-1.492696103970211,22.14691385203947,56.89203724998515,1,True,transit,TIC_67247610.csv,1.0,5778.0,5.3488788978707955,1227.5112859292392,0.0243520073574083,Success
16.137447781106147,13.629955036288496,8.0032e-05,0.6746326376774007,0.0016472352398326229,2797.735269979285,0.020263473444570138,0.9965489168479974,0.9966586241870539,0.0002557760658959016,0.9969472362579772,0.9963472269526364,0.8343828262719889,0.05283051674157751,15.474965929540017,40.0,27.0,13.0,1.8649349812774735e-05,0.0017044581909021728,0.0009721022218084352,0.5460248964433341,49.179570302890774,64.79723600007128,1,True,transit,TIC_161450762.csv,1.0,5778.0,0.6750945086140768,4607.2373137457935,0.0200530953434727,Success
16.2673109923694,16.238037259659343,8.0032e-05,1.3640690287653385,0.00677928063129718,1439.4246000331145,0.09807072387322785,0.9959187177014733,0.996380876019834,0.00021401697056752872,0.9961921897673033,0.9965276319940244,0.5500069016243444,0.057452041381777216,100.00194754525285,18.0,17.0,1.0,3.2900440213599847e-07,0.0004885256430900363,0.003723137136970367,-0.5899294369062354,10.155107236578147,2.6610572499921545,1,True,transit,TIC_219151731.csv,1.51,6137.7,1.366570350990417,4391.727155546366,0.0838522046707843,Success
,,,,,,,,,,,,,,,,,,,,,,,49.15213441697415,1,True,transit,TIC_131581531.csv,,,,,,Required feature(s) not computable: ['transit_shape_ratio']
15.55435824006475,13.321213553584915,8.0032e-05,5.734072027896509,0.029704141680441776,2119.4877936851526,0.04351428968329389,0.9953755002935516,0.9960435841128327,0.0005066397047527708,0.9959423603961027,0.9961464672347548,0.14268519014738565,0.06115606378430635,20.46678635075371,4.0,4.0,0.0,4.60331118627827e-06,0.0001813291338036213,5.5746403684109325e-05,0.03574559430970052,22.874681111379797,81.33049333293457,1,True,transit,TIC_321068176.csv,1.0,5778.0,5.724629672376276,10045.060053589183,0.0173889553883215,Success
,,,,,,,,,,,,,,,,,,,,,,,20.544650207972154,1,True,transit,TIC_93963408.csv,,,,,,Required feature(s) not computable: ['transit_shape_ratio']
7.595215102565774,6.686073427741789,0.003281313,2.2229930076989097,0.016516129621440667,2719.3164867375017,0.039514409915067154,0.9994219235923757,0.9993544223712602,9.971916420615208e-05,0.9995318071876064,0.9990401089247519,1.7513150206154047,0.021622194492376522,6.0052638389389426,11.0,6.0,5.0,1.8134708731340063e-06,0.00035857249365385026,0.00017561174064595342,4.469040351715011,25.29259391043793,15.157188459066674,1,True,transit,TIC_230267547.csv,1.84,6446.3,4.6636828477202625,691.3946000659532,0.0479411779908723,Success
8.288296046226451,8.150250782910398,0.001040416,2.637914931883327,0.026522577065679176,1713.7161313865076,0.11969264186108602,0.9991143975219605,0.9991928198233391,5.150433978586505e-05,0.999133126292401,0.9992499179833665,0.8141214033779437,0.026762492486957026,12.194927021127189,9.0,8.0,1.0,1.9137408339984446e-07,0.0001539880699214704,0.0004191770549593077,0.3713054599276524,8.347333486727795,1.031998416990973,1,True,transit,TIC_365389353.csv,2.5,7495.0,12.697533907876704,281.36711398518696,0.0080060875295558,Success
,,,,,,,,,,,,,,,,,,,,,,,113.79002033302095,1,True,transit,TIC_294869729.csv,,,,,,Required feature(s) not computable: ['transit_shape_ratio']
12.987823256549433,11.786134515392344,8.0032e-05,2.759829955271906,0.01335873111875463,1740.9448462140188,0.07274789263697848,0.9983290130290261,0.9983820347165789,9.67416376597576e-05,0.9982612843623868,0.9985358568238301,0.9963816913846798,0.03676153849847881,17.069612949457518,8.0,7.0,1.0,3.203066414438705e-06,0.000397118886230383,0.00010344617342861184,-0.41532843362830674,13.723133094876284,86.31356375000905,1,True,transit,TIC_346418409.csv,0.696945,4993.0,1.621146910790055,972.3258784686273,0.0520633185479009,Success
,,,,,,,,,,,,,,,,,,,,,,,35.85515379102435,1,True,transit,TIC_423903685.csv,,,,,,Required feature(s) not computable: ['transit_shape_ratio']
14.28819558453928,14.018995451341702,8.0032e-05,0.7282954339911917,0.002580132262158863,2853.82924380761,0.03308510784192692,0.9947951253373699,0.9953457071216446,0.0002084112860257651,0.9955107135814834,0.9951622713688892,0.5924119369735116,0.06488021565471314,23.275253817746588,39.0,35.0,4.0,3.2839979103217416e-05,0.001895938236906252,0.002729461654619625,0.7669659624120414,30.067761304882957,82.29331075004302,1,True,transit,TIC_434718964.csv,1.0,5778.0,0.7275521214363505,5755.072996707966,0.0366650055470727,Success
,,,,,,,,,,,,,,,,,,,,,,,91.9826685419539,1,True,transit,TIC_299876474.csv,,,,,,Required feature(s) not computable: ['transit_shape_ratio']
,,,,,,,,,,,,,,,,,,,,,,,0.6988104589981958,1,True,transit,TIC_376838000.csv,,,,,,"Required feature(s) not computable: ['FAP', 'transit_shape_ratio']"
,,,,,,,,,,,,,,,,,,,,,,,7.551903916988522,1,True,transit,TIC_261258875.csv,,,,,,Required feature(s) not computable: ['transit_shape_ratio']
7.198045784930715,5.828590422262698,0.007122849,4.760898031999124,0.008553080754313047,3239.9415679490576,0.032328731130219356,0.9972013296479888,0.9976984117833365,0.00048028956730745146,0.9966284842197415,0.9992364326560045,2.04018155291839,0.04757546265869685,5.627132243891863,5.0,5.0,0.0,1.9500426177684356e-05,0.0021320025012161177,-1.9185546417332944e-05,-1.5412272328102652,30.845668691149235,149.55012958298903,1,True,transit,TIC_184869170.csv,3.08,5994.0,3.790333262108581,163.5706082824262,0.0228750044433419,Success
,,,,,,,,,,,,,,,,,,,,,,,65.92551129090134,1,True,transit,TIC_452483795.csv,,,,,,Required feature(s) not computable: ['transit_shape_ratio']
6.045733629347605,5.595065603509837,0.05130052,2.267206626329447,0.015439208578257979,3099.328932019541,0.03630123850499053,0.997845140609324,0.9980457737294015,0.0003793466266859283,0.998051113111325,0.9980404851987342,0.009925962385784696,0.04174616787453874,5.1019226427579945,10.0,8.0,2.0,3.062968244288862e-05,0.0007640979426006052,-0.00019394888914714414,1.4218320074863633,27.48790899991318,46.7243610000005,1,True,transit,TIC_293075732.csv,1.65,5517.0,2.4686002535320912,311.4319807580035,0.0714867447859497,Success
13.974378614341246,13.877161764773895,8.0032e-05,5.55381774987542,0.026675668911882777,2825.3467228223326,0.0313646928676213,0.9949563639826753,0.995592313164076,0.00031292889773438344,0.9954258013786148,0.9957554947138278,0.3729725896501184,0.06386736748145615,17.166745515862853,6.0,6.0,0.0,6.473643515420105e-06,0.0004183956270209539,7.691274986121321e-05,0.07397817510793143,31.722177806172564,109.2747906249715,1,True,transit,TIC_430528566.csv,1.0,5778.0,2.776594176582973,4750.482594535255,0.0285476046744532,Success
9.477187331418953,9.44044113350088,8.0032e-05,7.058220338649277,0.09995661023951508,1331.1593981150863,0.03626937048321917,0.9904119836017862,0.9920745844382489,0.0004892513855950536,0.9920641948375553,0.9920849740389427,0.01501643358990099,0.08805855019278612,64.76758136188297,4.0,4.0,0.0,1.4354150719453294e-06,5.912531796364454e-05,5.82608221644243e-05,-0.5165473403733951,27.30711811113519,58.179173709009774,1,True,transit,TIC_183979262.csv,2.72192,6270.0,2.3526949853742702,10673.478191239648,0.0294367384381723,Success
,,,,,,,,,,,,,,,,,,,,,,,57.189518542028964,1,True,transit,TIC_86280613.csv,,,,,,Required feature(s) not computable: ['transit_shape_ratio']
,,,,,,,,,,,,,,,,,,,,,,,250.29203158407472,1,True,transit,TIC_406190563.csv,,,,,,Required feature(s) not computable: ['transit_shape_ratio']
8.870849274785847,8.825497302049449,0.000240096,1.4031524775349438,0.008746676388953545,1469.6946904546858,0.05723020841679546,0.9980454924070608,0.998273227876445,0.00016709258528144782,0.9980656148723581,0.9984600795801228,0.8548682388896952,0.039758118866334916,11.720977754587027,15.0,14.0,1.0,8.347709383897956e-07,0.0005765110365655962,0.0006789378914136002,0.9581075223517422,17.43913782627712,1.8204727079719305,1,True,transit,TIC_34466256.csv,1.6,6699.0,1.8081097838512388,714.9576274734226,0.099056111484152,Success
,,,,,,,,,,,,,,,,,,,,,,,45.162090125028044,1,True,transit,TIC_339733013.csv,,,,,,Required feature(s) not computable: ['transit_shape_ratio']
7.779748648220625,7.766694866833571,0.002320928,3.9706734996693807,0.03979651196190126,2884.9170210261354,0.03344172047178857,0.9809911604824925,0.983919425938122,0.0005117821938668448,0.9841612095833533,0.9835970477444805,0.39056623417795294,0.12398951149102984,56.355326515589226,7.0,7.0,0.0,1.345674549561012e-05,0.0006974792431106573,0.0001009074815480071,-0.0017591182125874562,29.33435082414664,44.410474792006426,1,True,transit,TIC_470709084.csv,2.32,6370.0,0.6615331202285104,17415.96669358636,0.0338658501042863,Success
14.449203769922612,14.36291920363795,8.0032e-05,0.9983071034101508,0.00465500928308854,2036.4118713824191,0.07560753828156576,0.9912210310400408,0.9921943522689927,9.484476033510917e-05,0.9922231654300624,0.9921655919761087,0.21464563554771546,0.08426144519510106,82.1928759006148,25.0,24.0,1.0,9.877719901480329e-06,0.000416649381533003,0.007469247770236609,1.0193780816055464,13.110082057541545,66.91084420797415,1,True,transit,TIC_278199349.csv,1.0,5778.0,0.4997265778061218,8209.820463308759,0.1008402345200102,Success
8.186450522639715,7.821355862484334,0.001040416,2.387158091072508,0.025582389464602562,2203.8999305698926,0.16273407214553554,0.9996751116233433,0.9997237473508895,3.953718216105326e-05,0.9997699466159655,0.9996774691127109,0.8275073719559707,0.016209672255202593,6.843369595502816,10.0,10.0,0.0,1.9012100607955687e-06,0.00010402834029930971,0.000140663549789255,3.71736680297244,6.142998196034318,33.10895266698208,1,True,transit,TIC_177722855.csv,1.37,5743.0,4.276777993672885,203.41091760156527,0.0261189547555861,Success
7.003091504592463,6.989112955355641,0.009363745,2.9155843857207273,0.025628360590227883,1683.7939279993193,0.10786388906057531,0.9621613359566004,0.9696284775578761,0.0023096346186505046,0.969660581911071,0.9695963732046811,0.009829068033103584,0.17493432923557187,19.139409545627583,10.0,10.0,0.0,0.0001431379746711324,0.0024100934218782076,0.00024692508254620105,0.9480332881347289,8.920143194691041,1.4908174580195919,1,True,transit,TIC_383723559.csv,2.18,6173.0,0.7275521214363505,38020.585854753765,0.104606047816622,Success
,,,,,,,,,,,,,,,,,,,,,,,139.327269915957,1,True,transit,TIC_260298958.csv,,,,,,Required feature(s) not computable: ['transit_shape_ratio']
14.65155231099834,12.74809906011416,8.0032e-05,2.926702319372716,0.019957794125927464,1470.0550785007947,0.04624182275376344,0.9912099462219539,0.9903804290905021,0.0002545725497306615,0.9907579990264006,0.9898701994473956,1.3605178096640733,0.08431462502433831,38.97307522415316,7.0,7.0,0.0,4.684831481082951e-06,0.0009554366570009145,-0.0008281244085253103,0.9240362259195065,21.435356289913617,33.081734875100665,1,True,transit,TIC_172464366.csv,1.37266,6332.0,7.564762906590069,2867.7222275708127,0.023512497438998,Success
,,,,,,,,,,,,,,,,,,,,,,,40.19065354100894,1,True,transit,TIC_66356824.csv,,,,,,Required feature(s) not computable: ['transit_shape_ratio']
,,,,,,,,,,,,,,,,,,,,,,,17.633526041987352,1,True,transit,TIC_289125016.csv,,,,,,Required feature(s) not computable: ['transit_shape_ratio']
,,,,,,,,,,,,,,,,,,,,,,,316.10506358300336,1,True,transit,TIC_341444900.csv,,,,,,Required feature(s) not computable: ['transit_shape_ratio']
7.728371993966021,5.9867357283357885,0.002480992,11.407806176430835,0.06040188385423839,1358.500475873247,0.08258327788770246,0.9955694674931441,0.9961842660956478,0.00043474376599109805,0.9939075610369413,0.9986235929442618,4.435255313248039,0.05985977919203921,9.142142506856265,2.0,2.0,0.0,2.0125504664477384e-05,0.002358015953660253,-8.493652673391416e-05,-0.8076886589159008,12.055339688101617,309.15026300004683,1,True,transit,TIC_47484268.csv,0.334,3396.0,7.341624197678683,934.6401601878496,0.0231776718066938,Success
45.93180782911509,45.725732718311164,8.0032e-05,1.5150907393118376,0.001757067642294441,2230.485866203534,0.05144586381611131,0.9543724426277137,0.9594517642539347,0.00035172992992430825,0.9594963598890592,0.9594009938385621,0.0956206396962708,0.19209707708561455,751.2647986112557,16.0,15.0,1.0,2.196287389715496e-06,0.00031951436747043794,0.0011362962977438107,-0.25506706462130424,18.55100433416831,248.0313886249205,1,True,transit,TIC_113553629.csv,4.82,6056.9,1.514891976696794,40292.67798695635,0.0610108711004248,Success
,,,,,,,,,,,,,,,,,,,,,,,24.949824666953646,1,True,transit,TIC_201233610.csv,,,,,,Required feature(s) not computable: ['FAP']
,,,,,,,,,,,,,,,,,,,,,,,74.52085504098795,1,True,transit,TIC_259863352.csv,,,,,,Required feature(s) not computable: ['transit_shape_ratio']
,,,,,,,,,,,,,,,,,,,,,,,39.16606029192917,0,True,eclipsing_binary,TIC_319968129.csv,,,,,,Required feature(s) not computable: ['transit_shape_ratio']
24.558232175055018,24.471749999653536,8.0032e-05,0.6260492302745447,0.0015582183295335117,2281.903220070654,0.01968355637327323,0.9992211680970903,0.999312007173253,4.931171877547997e-05,0.9994242209587249,0.9992024152051986,1.5995540813501798,0.025097416231123108,14.672714656982173,39.0,36.0,3.0,9.537715608862652e-07,0.00027613639559412605,-1.4157412548954085e-06,-0.3934916653823424,50.764259727670705,54.937515292083845,0,True,eclipsing_binary,TIC_370745311.csv,0.93,5622.0,2.251775359101599,614.2385414503738,0.0214485719988732,Success
11.325741739019087,11.12763030673443,8.0032e-05,7.843256273235364,0.0629022242502244,2394.4345174899827,0.15006059953775314,0.9930038046877955,0.9932344496496999,0.00018342282300239736,0.9925803004076388,0.9939016818766023,2.609048629914031,0.07522082795838801,28.382418395337154,4.0,4.0,0.0,1.6638741657827934e-05,0.0008936726508928169,-3.2621504338248286e-05,0.4751073969106833,6.617351974779827,83.63405358302407,1,True,transit,TIC_232679662.csv,1.0,5778.0,0.9734380965924012,4808.322966551648,0.0051687045887781,Success
,,,,,,,,,,,,,,,,,,,,,,,217.69901400001254,1,True,transit,TIC_470911286.csv,,,,,,Required feature(s) not computable: ['transit_shape_ratio']
,,,,,,,,,,,,,,,,,,,,,,,120.5622552500572,1,True,transit,TIC_260298958.csv,,,,,,Required feature(s) not computable: ['transit_shape_ratio']
,,,,,,,,,,,,,,,,,,,,,,,42.452847916050814,0,True,eclipsing_binary,TIC_357972447.csv,,,,,,Required feature(s) not computable: ['transit_shape_ratio']
12.55379341535724,10.319863419879697,8.0032e-05,4.707231755584532,0.03932653512463835,1354.301274071616,0.020706864188094847,0.9984314766003897,0.9982618727562677,0.0002706051512081248,0.9989859514608239,0.9973115194565375,2.6266250388103525,0.03561661549663102,11.495351241572603,6.0,5.0,1.0,8.204017203395018e-07,0.001480359156610142,-0.0002035113010883105,-0.12406752609884426,48.2174156130519,55.779256290989,0,True,eclipsing_binary,TIC_9033144.csv,1.2,5756.9,3.8312646728202986,235.16928126277037,0.0287070659759441,Success
,,,,,,,,,,,,,,,,,,,,,,,20.093316624988802,0,True,eclipsing_binary,TIC_262781201.csv,,,,,,"Required feature(s) not computable: ['depth_mean_odd', 'odd_even_mismatch']"
20.67651686686504,15.851950129033597,8.0032e-05,6.236211105855871,0.025972825767626606,2829.148901718574,0.08591966703282934,0.9976860188982638,0.9980703582923585,6.813437809037698e-05,0.9980953219996233,0.9980453945850932,0.25999873185632455,0.043260053352130165,42.04521993368105,4.0,4.0,0.0,2.822133213952873e-07,6.794350328347537e-05,0.00015069638804965368,-0.12911137455348226,11.611846895508272,128.51864499994554,1,True,transit,TIC_314338017.csv,6.79,8522.0,6.240767519164102,2019.0137972676548,0.0837799636242406,Success
,,,,,,,,,,,,,,,,,,,,,,,21.874132749973796,0,True,eclipsing_binary,TIC_158555987.csv,,,,,,Required feature(s) not computable: ['transit_shape_ratio']
21.195353677633886,21.12849045857825,8.0032e-05,0.7870673917143576,0.0020010190366838154,2719.330118056553,0.03569176780688129,0.9950461029739469,0.9955768726452074,8.622745575270784e-05,0.9956490474599071,0.9954988512673059,0.6177541256563465,0.06329663671807875,56.64935179063409,31.0,29.0,2.0,4.532769133842009e-06,0.00035363684902725486,0.001701745485642836,0.9816544219129748,27.878868549125336,71.91530470794532,0,True,eclipsing_binary,TIC_420803693.csv,0.89,5987.0,0.7872286115176954,5724.212685512042,0.0426301960502081,Success
13.273286421203387,13.164299422565094,8.0032e-05,1.9691535734457597,0.011403461017834182,1327.1079469341873,0.07683760052681797,0.9947089369255364,0.9952026778358388,0.00023519430079154405,0.9955615940734744,0.9947870906133136,1.2887517814693,0.06541519136616834,26.605975563501705,14.0,12.0,2.0,1.354488396608743e-06,0.0006182421399216533,0.0015522991278188458,0.7463178442584497,12.945601243474043,4.1071811250876635,0,True,eclipsing_binary,TIC_231703293.csv,1.13,6164.0,1.9701458771405709,5724.212685512042,0.1021805712216337,Success
15.292447346498477,13.222264147106253,8.0032e-05,5.292881364583251,0.03167811693104294,2719.7551948663545,0.07052237015592418,0.9982945432986782,0.9984721873570603,0.00014398893650928603,0.9983079509893912,0.9986380498273797,0.8181171868682858,0.0371387682508996,9.015908897546907,5.0,4.0,1.0,5.772613430322288e-06,0.0002510184941948723,7.041024461762468e-05,-0.022840204570580877,14.155714578104224,40.36230199993588,0,True,eclipsing_binary,TIC_461538935.csv,1.11,6655.0,0.9187637269197528,466.6017345583695,0.0217515686073186,Success
,,,,,,,,,,,,,,,,,,,,,,,143.90737266710494,0,True,eclipsing_binary,TIC_2041563029.csv,,,,,,Required feature(s) not computable: ['transit_shape_ratio']
,,,,,,,,,,,,,,,,,,,,,,,56.255273665999994,0,True,eclipsing_binary,TIC_44745077.csv,,,,,,Required feature(s) not computable: ['transit_shape_ratio']
,,,,,,,,,,,,,,,,,,,,,,,5.678664083010517,0,True,eclipsing_binary,TIC_98494121.csv,,,,,,Required feature(s) not computable: ['transit_shape_ratio']
10.014716460700487,9.883372479475428,8.0032e-05,2.2225022231178984,0.020065969882036905,2965.864662373102,0.11568973679713392,0.9719928557279387,0.9760732959225269,0.00045806645862587434,0.9759245774383921,0.9762241854794227,0.23133596082556682,0.15050175391014411,58.179214900386704,10.0,10.0,0.0,0.00013984646611159664,0.0017794452528550762,0.012158071239723345,0.8825602066427883,8.401720693965817,61.56033316696994,0,True,eclipsing_binary,TIC_146836153.csv,1.1,5744.0,2.222686025252965,47998.8407443076,0.1538758059525871,Success
15.969881165735844,15.657259072964388,8.0032e-05,1.7638730002521357,0.0073727387625155405,2771.077928730637,0.06837463405869815,0.9784008421394389,0.9807634599642998,0.0005881361332747524,0.9808025322782724,0.9807113635456697,0.05408683517836239,0.13216776808181635,34.33448741769092,15.0,14.0,1.0,0.00021791632440230734,0.0012452101030763674,0.003928869191122786,-0.3325941920958456,14.309412483282951,55.6614428749308,0,True,eclipsing_binary,TIC_169187982.csv,1.2,6479.0,6.376601582346885,2887.47738265116,0.0407377720187335,Success
,,,,,,,,,,,,,,,,,,,,,,,1.0174477500841022,0,True,eclipsing_binary,TIC_348135793.csv,,,,,,Required feature(s) not computable: ['transit_shape_ratio']
,,,,,,,,,,,,,,,,,,,,,,,57.358555375016294,0,True,eclipsing_binary,TIC_258801269.csv,,,,,,Required feature(s) not computable: ['transit_shape_ratio']
,,,,,,,,,,,,,,,,,,,,,,,44.9962910420727,0,True,eclipsing_binary,TIC_219466803.csv,,,,,,Required feature(s) not computable: ['FAP']
11.544811272388504,11.565078146261582,8.0032e-05,1.0460122896098982,0.003245922437116855,1325.923544277287,0.023127305863534592,0.9959678116711672,0.996426830171195,0.00024755110249782147,0.994981515046247,0.9981840290862629,5.348193158145458,0.057105449047735506,39.82306890611827,27.0,26.0,1.0,3.935429765954427e-06,0.001716209848337354,0.00018644455199945398,0.2180210058628559,43.06458424288559,91.6817479999736,0,True,eclipsing_binary,TIC_300011941.csv,1.12713,5789.58,0.6978643994052397,19429.802270479966,0.0144242236836714,Success
16.338165521505555,16.241887781004564,8.0032e-05,1.797807272040101,0.006628590023066039,2230.864159676402,0.026818182990626042,0.9943198164827775,0.9948932716939913,0.00026800352336992216,0.9949354995796804,0.9948510438083021,0.1114767537011489,0.0677779346067268,64.46972363810299,13.0,12.0,1.0,1.650572865227259e-06,0.00035349554535844525,0.00017763929249137167,0.08181483889014643,37.07633051912314,75.75194412504788,0,True,eclipsing_binary,TIC_108835813.csv,1.0,5778.0,1.7991310249963206,11969.719258798195,0.0242833116857593,Success
9.177430978263967,8.82686894798838,8.0032e-05,5.55524561356029,0.062109710272588714,2283.6318478616713,0.21597723295066332,0.9979907258362573,0.9982599949734496,8.264928476291992e-05,0.9982393376541984,0.9982906761722062,0.22101098879383374,0.04031129469425345,20.398443884148172,5.0,5.0,0.0,5.431654917380759e-06,0.00022911997830124314,-7.149766636693755e-05,0.28618577984499605,4.620814482164576,16.362922583939508,0,True,eclipsing_binary,TIC_459997997.csv,2.04,7397.0,8.464211724659696,1690.9319885087814,0.0079907129732944,Success
10.610121953907068,10.109021757325516,8.0032e-05,4.1944071059188115,0.04262916234883285,2884.4518578347293,0.12662351657237952,0.9982425947098061,0.9984446698820527,5.474302615601725e-05,0.9984815631252258,0.9983950396858796,0.5827876192066653,0.03770015289682899,30.223041816527683,7.0,7.0,0.0,1.5218715818661e-06,0.00010658321607028388,-0.0001181449296419057,0.08907079400023349,7.883548188611542,18.21934483293444,0,True,eclipsing_binary,TIC_366074069.csv,2.31,6146.0,5.756249135572684,6249.170853056762,0.0217502032659478,Success
,,,,,,,,,,,,,,,,,,,,,,,48.487093666917644,0,True,eclipsing_binary,TIC_75208638.csv,,,,,,Required feature(s) not computable: ['transit_shape_ratio']
6.413879528987824,6.372421596491501,0.025530212,5.514418353100155,0.06928334241483514,2205.0520611024494,0.16699741826455974,0.9988190494705909,0.9990006621862667,5.631770062753892e-05,0.9990056578222818,0.9989931687322439,0.07953765954168139,0.03090459093176357,17.581049347912483,5.0,5.0,0.0,1.915770302600032e-06,7.430482486542848e-05,-4.4940128671511204e-05,0.5049819793763932,5.981044855964463,18.169516209047288,0,True,eclipsing_binary,TIC_157568289.csv,2.43,5710.5,0.6143382095029437,357.77718963081463,0.0366650055470727,Success
19.154183537921746,19.14320435145762,8.0032e-05,1.5152958321485352,0.007496600347018378,1628.8633887278115,0.02255707114209529,0.9946382574207858,0.9949694562482444,7.783910721872747e-05,0.9949597272977531,0.9949803297811466,0.09320476651212754,0.06585065915341674,176.55154653558623,16.0,13.0,3.0,1.8998045136608717e-07,6.309801488773792e-05,0.00011566213034563955,0.11030386227485056,44.09429979429482,42.35433883301448,0,True,eclipsing_binary,TIC_451599528.csv,1.39203,6058.6,1.515488713911743,7720.727397859228,0.0346110680037284,Success
,,,,,,,,,,,,,,,,,,,,,,,42.468353250063956,0,True,eclipsing_binary,TIC_174143743.csv,,,,,,"Required feature(s) not computable: ['FAP', 'transit_shape_ratio']"
,,,,,,,,,,,,,,,,,,,,,,,97.360943165957,0,True,eclipsing_binary,TIC_300013921.csv,,,,,,"Required feature(s) not computable: ['FAP', 'transit_shape_ratio']"
,,,,,,,,,,,,,,,,,,,,,,,18.310231250012293,0,True,eclipsing_binary,TIC_256886630.csv,,,,,,Required feature(s) not computable: ['FAP']
8.345993971574668,7.169176272298968,0.00080032,7.442990015317892,0.06101434411865814,3042.000055898245,0.13623375098725382,0.9899899506726787,0.9915592641097463,0.0011236288105191334,0.9902198382378226,0.9928986899816697,0.8450649404009698,0.08997570446221081,7.8443048591159465,4.0,4.0,0.0,0.0004530053907874891,0.001573308985942366,0.00017599192956085918,0.333046905909592,7.26684792497054,76.63468808296602,0,True,eclipsing_binary,TIC_304950588.csv,1.0,5778.0,8.22639537322597,10583.711253204565,0.1030769520403937,Success
,,,,,,,,,,,,,,,,,,,,,,,424.47426141705364,1,True,transit,TIC_420112587.csv,,,,,,Required feature(s) not computable: ['transit_shape_ratio']
,,,,,,,,,,,,,,,,,,,,,,,194.7134640000295,0,True,eclipsing_binary,TIC_177126182.csv,,,,,,Required feature(s) not computable: ['transit_shape_ratio']
7.835512234222051,7.6138929182087995,0.002080832,1.2052617193714739,0.006253566804340749,3857.449199897217,0.050020925031138565,0.9966618893180874,0.997007993777217,0.00015993712850190182,0.9970250424365064,0.996990402166995,0.07664797392583753,0.05195860866109489,24.8471643352771,20.0,18.0,2.0,9.84042475699624e-06,0.0005302395498933162,0.0009102141382182349,0.7654052642342507,19.92489920363637,36.56985650002025,0,True,eclipsing_binary,TIC_31697707.csv,1.54,5642.0,0.3018112215675073,10134.879952359399,0.054956233864653,Success
,,,,,,,,,,,,,,,,,,,,,,,53.8147121660877,0,True,eclipsing_binary,TIC_224600500.csv,,,,,,Required feature(s) not computable: ['FAP']
6.19270619851011,5.568520594500481,0.040096038,2.388364637164863,0.023310901467414435,2720.681321592808,0.012426664039066884,0.9968255416438436,0.9965014221199482,0.0005284370395756781,1.0000040879611292,0.9929987562787677,8.282099152664626,0.05066895692178266,20.00656219734638,10.0,8.0,2.0,2.2106553290727897e-06,0.004123361384555926,0.0002265305309607779,-0.5651650253418163,80.21666462616423,22.581986582954414,0,True,eclipsing_binary,TIC_373785851.csv,2.36,6895.0,9.558672623116747,16981.475407714774,0.0315493976460465,Success
13.445849958883166,13.133872660153113,8.0032e-05,3.723077132352219,0.01770552804791725,1357.7940987525405,0.08048010542202466,0.9947462306615756,0.9959066349196097,0.0004731395292989693,0.9958936934033013,0.9959238902746878,0.02206281862672315,0.0651842461983776,18.29822055273139,7.0,7.0,0.0,1.3261853796413949e-06,0.0004914200529736744,0.0003582997067915761,0.402073148993808,12.360150691220982,4.548345374991186,0,True,eclipsing_binary,TIC_41865539.csv,1.11,5875.0,3.725457924260654,6455.106371672792,0.0914396580364198,Success
13.931523953684968,13.304560616769637,8.0032e-05,2.0261310222973843,0.012046068120083797,2474.7176285641785,0.07867115174582626,0.9990726918702761,0.9991648715264461,5.177228091634368e-05,0.9992052172605497,0.9991276798562467,0.5287034848763835,0.027385405783266575,16.46641180240864,12.0,11.0,1.0,1.5218610962122064e-06,0.0001266087773709653,0.00017382895986184366,0.4156057339494167,12.69935255426434,24.844246999942698,0,True,eclipsing_binary,TIC_240148934.csv,1.48,6582.0,1.3576154695295537,229.68774333720353,0.003068626136714,Success
,,,,,,,,,,,,,,,,,,,,,,,17.36519895796664,0,True,eclipsing_binary,TIC_353367071.csv,,,,,,Required feature(s) not computable: ['transit_shape_ratio']
12.809449939997458,11.885404328787915,8.0032e-05,3.7769353048625427,0.009089198844283164,2720.708858309778,0.033704254328668956,0.9991068858538957,0.9991328263330008,0.000107338213928315,0.9990374148830363,0.9992730227492752,0.7878891902774694,0.02687575237387461,8.027144265566026,6.0,5.0,1.0,1.4097349254845187e-06,0.00023477926344167346,5.909704366280355e-05,0.3648256869345595,29.643346389184227,155.2683994580293,0,True,eclipsing_binary,TIC_317397615.csv,4.04,5182.0,3.774123681296573,1788.815830083168,0.0242790454355737,Success
9.623077923324864,9.631314251662113,8.0032e-05,1.5984853317775756,0.0075674745649367825,2391.179723749799,0.05408038719907823,0.9953958929741373,0.996033794381139,0.00012509836050981056,0.9960063858778063,0.9960604220154309,0.1527966610723111,0.06102107469691462,43.10817338440413,18.0,18.0,0.0,6.268700544051029e-06,0.0003565845436345451,0.0009962591530372489,0.8317487229157043,18.40585736396324,57.77756495797075,0,True,eclipsing_binary,TIC_233569098.csv,1.51,5930.0,0.5320919919592753,8265.137654121623,0.048143090071836,Success
,,,,,,,,,,,,,,,,,,,,,,,20.425225207931362,0,True,eclipsing_binary,TIC_136848581.csv,,,,,,Required feature(s) not computable: ['FAP']
,,,,,,,,,,,,,,,,,,,,,,,1.3148646249901503,0,True,eclipsing_binary,TIC_368536386.csv,,,,,,Required feature(s) not computable: ['transit_shape_ratio']
,,,,,,,,,,,,,,,,,,,,,,,63.8125193339074,0,True,eclipsing_binary,TIC_408729765.csv,,,,,,Required feature(s) not computable: ['FAP']
8.71671065457643,8.127700679581107,0.000240096,1.4173105362854175,0.00797950377788581,2719.225797402357,0.04925084640856722,0.999436965900003,0.9994885367258992,7.767653801057036e-05,0.9993811044227991,0.9996116271784389,1.0533352579571227,0.02133902126088722,6.662478795663265,17.0,15.0,2.0,3.1019311059581077e-06,0.00022244478100426376,0.00019115906736200117,2.335519867092877,20.292787612400303,24.187914500012994,0,True,eclipsing_binary,TIC_379629854.csv,1.62,6603.0,8.185468584129461,625.5157166310532,0.0282313657813845,Success
14.264999165101074,12.751106577987843,8.0032e-05,2.9101626471221604,0.018295777847175287,2611.71642029021,0.08925602013913865,0.99264692591704,0.9931474851218348,0.0002150760810764145,0.9931539394005883,0.993140902781995,0.02147764230635791,0.07711548913541257,34.177381678950844,9.0,8.0,1.0,2.0316148058004892e-05,0.0006332833665535372,-0.00035009379237260774,0.6292575450846237,11.121344245123534,57.61947041703388,0,True,eclipsing_binary,TIC_8677530.csv,1.0,5778.0,0.8754196604833778,182.18360234123486,0.031616211633717,Success
8.267515205198132,7.108593142924531,0.001040416,2.771466697967478,0.02067102624102013,2334.8918311293446,0.03651748950005512,0.9991412382058428,0.9992748391046644,4.963515500425901e-05,0.9992253569806577,0.9993228441503423,0.6963251264504237,0.026353815682452063,14.187500943247825,10.0,10.0,0.0,6.891246349930993e-07,0.00013952491293036734,1.237491475247765e-05,0.0028541595587150423,27.360622317816635,34.52395445795264,0,True,eclipsing_binary,TIC_242536549.csv,1.85,6422.1,7.443142677099302,1472.0362707217882,0.0408573868894734,Success
12.941052169788554,11.24936107798839,8.0032e-05,2.128878405885332,0.012499806576740102,3830.194969254771,0.0737076019724061,0.9935442574708498,0.994245116713157,0.00047183517855875257,0.9956212156848792,0.993143366587063,1.8615699507451093,0.07225705343044503,13.307286991704531,12.0,11.0,1.0,0.00010688811257035595,0.0033964920972000723,0.0010726056173375742,-2.349251359603259,13.479535772209804,60.08786087494809,0,True,eclipsing_binary,TIC_327210623.csv,1.0,5778.0,1.0789836773009651,779.9329376687591,0.0069286187055341,Success
5.730378070053841,5.750102891325893,0.08787515,7.611695229334465,0.09844782830659549,2882.5631571288527,0.05458330322010243,0.9966390340478731,0.9971258485772037,0.00027629890183665854,0.9970718150011058,0.9971798821533017,0.1383680150107631,0.052136179508884294,13.940024417347725,4.0,4.0,0.0,6.621308032540102e-06,0.0005478106394267727,0.00013607125949177679,0.1448426385948121,18.259045811665388,37.6849894169718,0,True,eclipsing_binary,TIC_354151219.csv,2.41,6940.9,1.0892684331469038,6114.738219863969,0.0316303388164703,Success
7.628969266902526,6.025113790251774,0.002961184,1.5147330683846447,0.012894492408389802,2308.5260299736515,0.06825657383412342,0.9994563273444816,0.9994947028121627,6.862649779857263e-05,0.9994257448070971,0.9995640629047213,0.7132274732355236,0.020968911754081828,7.383941914692387,16.0,14.0,2.0,3.2201777309592263e-06,0.0002047968327495607,0.0002930775594327528,-0.3568770560963947,14.642638374632638,37.64787304203492,0,True,eclipsing_binary,TIC_400786146.csv,1.6267,6123.0,1.517297676013336,869.0858669015977,0.1385915933338252,Success
9.952923745715701,9.162018154864807,8.0032e-05,5.252266644522067,0.03456632367159118,2855.7389404789988,0.12140563020648161,0.9992943374277199,0.9993373847878929,7.260086989577963e-05,0.99944934285873,0.9992626036337077,0.9175770138697608,0.023889424550029188,8.957026999330058,6.0,5.0,1.0,2.3858616859222687e-06,0.00010558657757675667,3.979957976163462e-05,0.3289576516944257,8.231037849959362,52.400032709003426,0,True,eclipsing_binary,TIC_272625214.csv,1.44,6651.0,0.895034505736538,278.6794504163748,0.0402755445040633,Success
,,,,,,,,,,,,,,,,,,,,,,,23.45523120893631,0,True,eclipsing_binary,TIC_230267547.csv,,,,,,Required feature(s) not computable: ['transit_shape_ratio']
18.95037951059815,18.75980708428194,8.0032e-05,2.112537426896086,0.00875132755906538,2036.446502622892,0.02188675063972649,0.9941024200270859,0.9942574449961241,0.00020349969486795286,0.9943675181045004,0.9941430268966276,0.39063409183236075,0.06906278160553811,40.982075896886926,12.0,10.0,2.0,3.076654546552071e-06,0.00032106649584806763,0.00034238045601819866,0.1500990311580045,45.42028354920339,70.89106024999637,0,True,eclipsing_binary,TIC_271722899.csv,1.0,5778.0,2.1118237511446645,7778.16245853935,0.0273429009376958,Success
13.46441251546781,13.38329675543637,8.0032e-05,2.948471672316333,0.018877976094326065,1685.3865897568319,0.06519178381572331,0.9831247364140063,0.984680234450138,0.0003457622967189301,0.9850125670469542,0.9843443090684912,0.6856522166587287,0.11682409608112695,127.72989251286498,9.0,8.0,1.0,4.964457525577449e-06,0.0010449746557936446,0.0007206967519339802,0.4334638388426342,15.080500622486278,93.83459133293945,0,True,eclipsing_binary,TIC_258777137.csv,1.06,5095.6,2.9442342988244503,24240.66938883318,0.0892981181524961,Success
,,,,,,,,,,,,,,,,,,,,,,,81.2356577089522,0,True,eclipsing_binary,TIC_229770036.csv,,,,,,Required feature(s) not computable: ['transit_shape_ratio']
11.490587192358772,9.448273737553277,8.0032e-05,3.9062508230454243,0.02499656406603723,1631.9957294577823,0.11793676358937917,0.999875987578741,0.999888943262815,1.3966807412515193e-05,0.999865946357869,0.9999037011191381,0.9310587036893087,0.010014741419190214,7.740407441172655,6.0,5.0,1.0,8.567627833232941e-08,2.2615380892046256e-05,-8.233994124084987e-06,0.5320914236745067,8.478068730629344,18.795721500064246,0,True,eclipsing_binary,TIC_364107753.csv,1.31,6059.06,5.572980480627694,2041.7419598364183,0.0027352553122215,Success
,,,,,,,,,,,,,,,,,,,,,,,29.518187207984738,0,True,eclipsing_binary,TIC_470315428.csv,,,,,,Required feature(s) not computable: ['transit_shape_ratio']
17.932981311175947,17.93553422675409,8.0032e-05,0.6382582893065915,-6.231698958267035,1327.1421518029165,0.03178518015970307,0.9975701034056733,0.9978052922619218,7.490290970162604e-05,0.9978538702476172,0.997754954204281,0.46718494527983223,0.04433033803910937,32.054802050545355,41.0,39.0,2.0,4.001059297524079e-06,0.0005068233252192286,0.0012709194321642858,1.0745837029930658,31.38475536062503,88.00342341605574,0,True,eclipsing_binary,TIC_55383975.csv,1.0417,5354.96,0.6386092640744102,4276.455034689208,0.0412866741503095,Success
8.384494286725584,7.906953540269198,0.00080032,2.040274674351942,0.01238822252622862,1573.3588121356838,0.025770743733298556,0.9968671583912645,0.9970767827534334,0.00028961368559891134,0.9971834046718502,0.9968901943962036,0.3808748759576477,0.050335729368559255,10.25392103649079,11.0,10.0,1.0,8.998506300642665e-07,0.0009102153918639302,0.00018327861192524164,0.2957938602491225,38.682126084828724,2.6946926249656826,0,True,eclipsing_binary,TIC_219766989.csv,1.53,6095.0,4.38721261663479,7901.069892329638,0.007778150134211,Success
,,,,,,,,,,,,,,,,,,,,,,,160.92912366590463,0,True,eclipsing_binary,TIC_29960109.csv,,,,,,Required feature(s) not computable: ['transit_shape_ratio']
,,,,,,,,,,,,,,,,,,,,,,,23.89592704095412,0,True,eclipsing_binary,TIC_285677945.csv,,,,,,"Required feature(s) not computable: ['FAP', 'transit_shape_ratio']"
,,,,,,,,,,,,,,,,,,,,,,,25.330608584103175,0,True,eclipsing_binary,TIC_467783290.csv,,,,,,Required feature(s) not computable: ['transit_shape_ratio']
,,,,,,,,,,,,,,,,,,,,,,,59.503968041040935,0,True,eclipsing_binary,TIC_232967666.csv,,,,,,Required feature(s) not computable: ['transit_shape_ratio']
7.0973654576623595,7.056902650440596,0.007923169,3.3263180579292446,0.02828090901670932,1326.9833559182323,0.053303764946867636,0.9967657325430379,0.9972925806483129,8.143909644440764e-05,0.9972787334187461,0.9973063391135875,0.11986418682724537,0.05114404956412908,48.68468239180227,8.0,8.0,0.0,1.0219907989961283e-06,0.00011710255107746698,0.0001272270537048259,0.16586205055150535,18.69972474808484,45.38589991594199,0,True,eclipsing_binary,TIC_167009792.csv,2.1,5883.8,0.6646988079974013,4200.646394364793,0.0521016428567761,Success
,,,,,,,,,,,,,,,,,,,,,,,78.97439033398405,0,True,eclipsing_binary,TIC_303867090.csv,,,,,,Required feature(s) not computable: ['transit_shape_ratio']
,,,,,,,,,,,,,,,,,,,,,,,306.6687556670513,0,True,eclipsing_binary,TIC_341805908.csv,,,,,,Required feature(s) not computable: ['transit_shape_ratio']
17.944101626064427,17.819047898085028,8.0032e-05,1.3628620177066673,0.005747601846282535,1492.352439101895,0.023113291645947217,0.9973118803756822,0.9975302144107319,0.00010436553352959661,0.9974063746846559,0.9976522057826872,0.8386854985028285,0.046626352486196336,36.18675800925069,18.0,16.0,2.0,1.26813253851538e-06,0.0002787548680695494,0.00029487092661095726,0.11120891879285826,43.14884680436917,63.36654429207556,0,True,eclipsing_binary,TIC_170103435.csv,1.23,6317.0,1.3621605371285652,4252.433461267579,0.0292531582759031,Success
,,,,,,,,,,,,,,,,,,,,,,,53.98234633402899,0,True,eclipsing_binary,TIC_54085154.csv,,,,,,Required feature(s) not computable: ['transit_shape_ratio']
,,,,,,,,,,,,,,,,,,,,,,,52.02756950003095,0,True,eclipsing_binary,TIC_357457104.csv,,,,,,Required feature(s) not computable: ['transit_shape_ratio']
,,,,,,,,,,,,,,,,,,,,,,,69.34464529203251,0,True,eclipsing_binary,TIC_108835813.csv,,,,,,Required feature(s) not computable: ['transit_shape_ratio']
,,,,,,,,,,,,,,,,,,,,,,,13.547689875005744,0,True,eclipsing_binary,TIC_23113034.csv,,,,,,Required feature(s) not computable: ['FAP']
8.225982985290042,8.257579785763747,0.001040416,2.07548848858315,0.019575953061705897,2719.0696936233235,0.08228080313481237,0.9916476895509247,0.9925945882187484,0.00033726136545758726,0.9927187325859079,0.9924913670595372,0.23773312558198353,0.08218838771803234,21.381589526577223,12.0,11.0,1.0,7.805814215544276e-05,0.0006545583430167607,0.003196419848481291,0.9037841670907512,12.051993317641381,35.473121000104584,0,True,eclipsing_binary,TIC_279605855.csv,1.6,6184.0,1.0360619570841385,12000.284832350382,0.0951607065541359,Success
,,,,,,,,,,,,,,,,,,,,,,,77.09384250000585,0,True,eclipsing_binary,TIC_103245940.csv,,,,,,Required feature(s) not computable: ['transit_shape_ratio']
11.269941190320207,9.775559980229557,8.0032e-05,2.3082219950174916,0.009453240736088109,2475.368689366804,0.039846691471494194,0.999000426703251,0.9990723085730605,0.00011037441464969488,0.998996813464533,0.9991655286201118,0.5367723220667739,0.028432462147091494,8.822161556093272,11.0,9.0,2.0,2.8420489046853306e-06,0.0004157120108500593,0.00020772553577541597,0.11040517661556966,25.07110100766893,51.811503916978836,0,True,eclipsing_binary,TIC_245947683.csv,1.0,5778.0,2.3086639572088146,1109.1576892872101,0.044792957674448,Success
,,,,,,,,,,,,,,,,,,,,,,,0.604309874936007,0,True,eclipsing_binary,TIC_5024743.csv,,,,,,"Required feature(s) not computable: ['FAP', 'depth_mean_odd', 'odd_even_mismatch']"
9.355605358580531,8.278295017046846,8.0032e-05,0.9775167635866265,0.00369776847601222,2061.926340407344,0.021231822659751244,0.9988391640014163,0.9989093573114034,0.00016394830324441075,0.9986772760521389,0.9991718754571288,1.0806255771089406,0.030640269480776465,6.516517307584847,23.0,17.0,6.0,7.401707823476581e-06,0.0007029659880486509,0.00022344631542448035,-1.052271366597701,47.04443796504086,33.08436733298004,0,True,eclipsing_binary,TIC_219208037.csv,1.09813,4456.2,3.015277880122804,892.4942577903661,0.0039424367367586,Success
20.82393806946324,19.536888364906133,8.0032e-05,0.877258036627617,0.002437773104986163,3069.531921488761,0.04702558392399848,0.9994857503778743,0.9995433788041747,1.0857223217120878e-05,0.9995452554131675,0.999541485781692,0.12278909765758483,0.020393611300947172,45.84023464369496,29.0,28.0,1.0,6.85078174527441e-08,2.4081653680158344e-05,0.00025252677551801384,0.9307090046348571,21.25408484014185,198.88206774997525,0,True,eclipsing_binary,TIC_47617038.csv,8.71,4886.0,0.8772806661751233,738.353443363593,0.1579675199960333,Success
,,,,,,,,,,,,,,,,,,,,,,,63.454374792054296,0,True,eclipsing_binary,TIC_87597187.csv,,,,,,Required feature(s) not computable: ['transit_shape_ratio']
14.763240104064868,14.753138870126456,8.0032e-05,1.6846436727493896,0.008740766699099067,2202.020997272826,0.02331672076120982,0.9959804242650406,0.9963906923620446,0.00021293652190038784,0.9962950097346615,0.9964854971671584,0.31658795800456585,0.05701606682022524,21.932575791585705,16.0,16.0,0.0,5.929349984308951e-06,0.00040860674845533194,0.0001977634690645269,0.028727060127747745,42.71528721663015,49.94853062496986,0,True,eclipsing_binary,TIC_282498590.csv,1.49,6519.0,0.8419975270314772,6415.015947080049,0.0188990299071,Success
8.235674106707144,8.156218239310983,0.001040416,6.862037672442948,0.09626936361900595,1326.0603671882952,0.03626937048321917,0.9974504244124618,0.9975493607418986,0.00022889518406852682,0.9975421674935319,0.9975579241328111,0.024762364518519608,0.04540891164101522,28.690544644747824,4.0,4.0,0.0,3.1653422205320146e-07,0.00025128298899547587,-8.066693819408499e-05,-0.5054684091817409,27.501178297923712,39.52824195800349,0,True,eclipsing_binary,TIC_183979262.csv,2.72192,6270.0,1.11478021592069,1034.70682403084,0.0231272080745559,Success
,,,,,,,,,,,,,,,,,,,,,,,38.74475250008982,0,True,eclipsing_binary,TIC_219467837.csv,,,,,,"Required feature(s) not computable: ['FAP', 'transit_shape_ratio']"
,,,,,,,,,,,,,,,,,,,,,,,40.51611245900858,0,True,eclipsing_binary,TIC_243153196.csv,,,,,,"Required feature(s) not computable: ['FAP', 'depth_mean_even', 'odd_even_mismatch', 'depth_consistency_std', 'transit_shape_ratio']"
6.704693592637439,6.249450004873039,0.015366146,5.2337877082159014,0.04288583268601753,2394.0402666349873,0.068230016269323,0.9993256427201779,0.9993496448979591,0.00012329420058723717,0.9995294054081632,0.9991698843877551,1.0374134675317082,0.023353510443959877,5.150014865037172,5.0,4.0,1.0,3.124288609015976e-06,0.0001997933798904627,-2.410000000008239e-05,0.326906136830708,14.64642245980947,32.81046091706958,0,True,eclipsing_binary,TIC_1400212743.csv,1.76,5286.9,11.2783684624896,2338.7896963743547,0.0110949426120396,Success
,,,,,,,,,,,,,,,,,,,,,,,17.143800041056238,0,True,eclipsing_binary,TIC_285233023.csv,,,,,,Required feature(s) not computable: ['transit_shape_ratio']
,,,,,,,,,,,,,,,,,,,,,,,34.026787666021846,0,True,eclipsing_binary,TIC_169532369.csv,,,,,,Required feature(s) not computable: ['transit_shape_ratio']
12.124587991873321,9.435995025500613,8.0032e-05,3.179756614990683,0.025746169405173713,3776.255308802698,0.09073120387203029,0.9844355849831703,0.984614638835615,0.0012186440213442235,0.9883759146295211,0.9807754091392444,2.2344427658180517,0.11219501167547967,13.162307422112251,9.0,6.0,3.0,0.0005312830235400171,0.00420116476634278,0.002119370801981546,-0.17130674529774198,10.85002229631654,55.84606845804956,0,True,eclipsing_binary,TIC_194179013.csv,1.0,5778.0,7.463721226542558,486.83403166283057,0.0657714539637736,Success
9.294406991869202,7.259147322677869,8.0032e-05,7.172226322170352,0.07729828827208607,1711.799747590812,0.032208538161857224,0.9807263975285735,0.9876646301475452,0.0028865158590719565,0.9867870860859581,0.9885421742091322,0.21836827128352385,0.12485001401187823,10.428513048299447,4.0,4.0,0.0,8.256582157091146e-06,0.004609200017161437,8.392439961801834e-05,-0.48886452922645524,30.449267601036084,1.1645734589546919,0,True,eclipsing_binary,TIC_257052211.csv,1.92,7406.0,1.4334300102666055,21414.668861801987,0.0329789530505158,Success
14.238308768599705,14.124104168103974,8.0032e-05,3.643171955154846,0.015031443389890597,2391.2039080951954,0.03875934543919047,0.9953589341308163,0.9960919849478892,0.0004885508021666635,0.996112442328457,0.9960715275673212,0.029609222694697877,0.06126550433728831,65.2664703897666,8.0,8.0,0.0,1.1236820431725395e-06,7.681057945697729e-05,1.313044159523269e-05,0.28164214792593917,25.68048874025581,92.38170150003862,0,True,eclipsing_binary,TIC_459903429.csv,1.0,5778.0,3.6475421805879806,32826.5690435684,0.0121707127184523,Success
6.453282011624961,5.656543540591951,0.023769508,2.322581007096375,0.0184826628865713,3397.0571107738538,0.027415874314130544,0.999153938118274,0.99916924324185,9.70582744966674e-05,0.9991792672836679,0.9991592192000318,0.07312566726797798,0.026158221400658828,8.84628419052258,12.0,8.0,4.0,1.394200421449666e-06,0.00016081650447622735,3.907175076356406e-05,0.5873622802463314,36.44435799019167,17.774733958998695,0,True,eclipsing_binary,TIC_67309890.csv,2.23,5843.7,3.3140696335656235,1948.9729013484337,0.0288792060457999,Success
19.30751413182073,17.892592812861107,8.0032e-05,6.343389125183286,0.04103735829274502,1357.779049988388,0.060031425342058284,0.9856883181360706,0.984857730517627,0.0003578263741694427,0.9851994833089114,0.9844931942069243,0.7094968320206999,0.10758518814155087,19.310797585361595,4.0,4.0,0.0,1.771144903225594e-05,0.000983105108365761,-0.001088499248701913,0.19152428481979134,16.41953880854288,56.07183770893607,0,True,eclipsing_binary,TIC_120585579.csv,1.2666,6083.0,3.767548048544933,6759.677330904435,0.0258808129620875,Success
9.2059148631316,7.811538604279252,8.0032e-05,3.6250779410814884,0.025211559337840805,3097.728568730596,0.06936156259334969,0.9993078868967892,0.9993315432820739,7.587773424890302e-05,0.9993217106658118,0.99934612832953,0.11164387573449092,0.02365896177396111,8.978495887016766,7.0,5.0,2.0,8.252622280504867e-07,0.00022191995090246075,9.05132599443581e-05,5.394242062302159,14.407228579256397,13.842861833050847,0,True,eclipsing_binary,TIC_304774444.csv,1.38,6317.0,1.975763917596962,101.72076893921744,0.042707988955569,Success
10.52204086286481,6.917008675816365,8.0032e-05,2.9799028403335135,0.019926480046311035,1685.529005552084,0.03367816907904669,0.9987523623932227,0.9987207048669385,8.083185623722595e-05,0.9984887756825249,0.9994261561361962,4.236064460510598,0.031765183998854966,18.6782785079815,9.0,4.0,5.0,4.482440362475623e-07,0.00041500941845738667,0.00016332670954921635,-3.130777830401604,29.65577968472786,20.812336250091903,0,True,eclipsing_binary,TIC_122220263.csv,1.65,6277.0,5.96576651519759,1775.2079072583804,0.0900129862983827,Success
10.918428522046415,10.642243841554722,8.0032e-05,3.692891127452119,0.03110027641566493,2883.704033156011,0.030131773448594294,0.9962466315400474,0.9925751009843371,0.00025452478376349833,0.992675212621501,0.9925528539538563,0.17153927792117218,0.05509570529530073,13.272753498959307,8.0,3.0,5.0,3.359284775122887e-06,6.138450408049357e-05,-7.918099721537786e-05,0.6608764521713585,33.062993561918084,47.0491686250316,0,True,eclipsing_binary,TIC_104195270.csv,1.99719,6731.3,1.024621508626436,1397.7263615667646,0.0585271856252469,Success
8.197320285328919,7.613565957682217,0.001040416,5.948699282876687,0.05734718774193226,3263.046760916299,0.0549089775507464,0.9945310789155025,0.9945579466764588,0.0004581472734881484,0.9943606433341636,0.9946578795381407,0.221065008862953,0.06650556312886417,12.43678182610625,4.0,3.0,1.0,2.1998521292039325e-05,0.0003883944811156773,-2.6189620536687386e-06,-0.16375589851433225,18.11235836610444,37.81577154097613,0,True,eclipsing_binary,TIC_350044062.csv,1.65,6031.2,2.5164211294355288,17687.456802611967,0.0216844687260422,Success
,,,,,,,,,,,,,,,,,,,,,,,1.6590547919040546,0,True,eclipsing_binary,TIC_5024743.csv,,,,,,"Required feature(s) not computable: ['FAP', 'depth_mean_odd', 'odd_even_mismatch']"
,,,,,,,,,,,,,,,,,,,,,,,76.82392704195809,0,True,eclipsing_binary,TIC_444415148.csv,,,,,,Required feature(s) not computable: ['transit_shape_ratio']
,,,,,,,,,,,,,,,,,,,,,,,73.35771962499712,0,True,eclipsing_binary,TIC_63013648.csv,,,,,,Required feature(s) not computable: ['transit_shape_ratio']
6.89488901970058,6.633500317711613,0.011204482,8.198991053380634,0.1261447508741682,2582.4138800419664,0.042503867034263676,0.9982571432517189,0.9985451609544727,0.00018769700112447884,0.998640614090249,0.9983542546829192,0.5091943247698609,0.03754377971345393,16.245113100818557,3.0,3.0,0.0,7.408858687385769e-07,0.00013838559371714284,3.71542781677503e-05,-0.1658139696630046,23.486266377762593,37.23457570897881,0,True,eclipsing_binary,TIC_241174783.csv,2.68185,6802.3,4.1052067668737715,4511.195822785363,0.0281266107106625,Success
8.729484606602693,8.74575639417904,0.000240096,1.282597489305648,0.010132145614182186,2229.290188165121,0.04999410062039175,0.9981366371449284,0.9983653959646699,0.00010181419551279047,0.9984660020779125,0.9982743446219586,0.6636924651258689,0.03882002974031782,17.014359779896033,20.0,19.0,1.0,6.3394281603276284e-06,0.0004960294829386722,0.0006590502410197541,0.547522916165283,19.965088375603365,45.88117983296979,0,True,eclipsing_binary,TIC_80275202.csv,1.61,7889.0,0.6400725903561694,3982.1091116052366,0.044792957674448,Success
6.128176408507167,5.903257158295755,0.044097639,4.000139097087503,0.03522161661275702,3482.082858692937,0.04850125063828668,0.9941941740556144,0.9943394396567071,0.00029348976563273887,0.9943654034772278,0.994300493925926,0.0789254238778379,0.06852343929285704,21.68405835985023,7.0,5.0,2.0,1.1929751455976604e-05,0.00035299908633735534,0.0006566347806726824,0.13171390710287756,20.498320372605026,23.07598974998109,0,True,eclipsing_binary,TIC_224418572.csv,1.94,5308.0,1.3317702738542858,8103.259516619166,0.0708015100625658,Success
11.820082120351163,9.537421245101935,8.0032e-05,3.6857780287331434,0.027423648086550623,2666.682143308959,0.0900937365337244,0.9936322012385446,0.9942760112586784,0.0005308017688075692,0.9938946321814902,0.9945315745578255,0.41928456736821357,0.07176320260639907,10.557182744832303,7.0,5.0,2.0,9.469498964386534e-05,0.0011013399899823767,-0.0003793411706229932,-0.3773452309705147,11.028871034409839,40.81365804199595,0,True,eclipsing_binary,TIC_162577466.csv,1.11792,5801.0,0.936806848568054,576.421818100803,0.0355860820012185,Success
,,,,,,,,,,,,,,,,,,,,,,,31.864137041964568,0,True,eclipsing_binary,TIC_422838133.csv,,,,,,"Required feature(s) not computable: ['FAP', 'transit_shape_ratio']"
13.931078997448173,13.341976554655483,8.0032e-05,1.248887032934725,0.004884982951898098,2744.969832795873,0.023464207077090224,0.9988179634891959,0.9989653969193324,0.0001211727551434928,0.9988282274199695,0.9991170053133652,0.8446307464515854,0.030918797326428885,8.825270306091442,20.0,19.0,1.0,4.397265506611973e-06,0.0005280746831513627,0.000110744092292836,0.35374402945811323,42.567727100585174,52.69475633301772,0,True,eclipsing_binary,TIC_289316336.csv,1.2,6171.0,1.2495980469947932,2762.6878880008253,0.0176344150807301,Success
8.945838640981743,8.419943476555789,0.000240096,2.4655421211056003,0.022884287254751223,1792.4897463391592,0.07493973099526624,0.9985645929170868,0.9986936367554483,5.125590643812518e-05,0.998772223476586,0.9986116332203482,1.1195348031720498,0.03407176952120444,48.802713437924766,9.0,8.0,1.0,3.188578068875253e-07,0.00036937171660067383,-0.0002832696875318952,0.8070101280027772,13.324902286881223,20.487621666979976,0,True,eclipsing_binary,TIC_138017750.csv,2.13,6057.7,0.8598901775709591,2735.3700844251484,0.019627817103147,Success
11.684971556804333,11.513478227815883,8.0032e-05,3.7541649971394655,0.019175032703544703,3666.1301531237636,0.028505497477824614,0.9973240344506848,0.9975482292247153,0.0003259974798013807,0.997618255052487,0.9974081775691718,0.24124417202466525,0.04652082477781997,7.591462685722056,7.0,6.0,1.0,1.3128761098547044e-05,0.0005341713997487758,0.00026527782310237225,0.5212538622881803,34.98707697441649,60.193571708980016,0,True,eclipsing_binary,TIC_148233571.csv,1.07,5544.7,3.751601053700003,5909.032642072431,0.022047882842352,Success
22.476335768131708,20.036611213147992,8.0032e-05,6.33483348765114,0.020599908767595654,1689.5822066979938,0.08365037633349023,0.9755796163385831,0.9789665040530982,0.0005124403208251602,0.9790493823061743,0.97879788967615,0.1670148017141636,0.1405346408760875,133.23795045471013,3.0,3.0,0.0,1.717117769049749e-06,0.0001235341444791962,0.00016500118721829438,0.03573353873739734,11.66258490516797,109.21645958302543,0,True,eclipsing_binary,TIC_110428269.csv,2.59,9994.0,6.331392196685561,35238.250661511986,0.1066433185417523,Success
6.684525688049368,3.4523715541734696,0.015846339,3.5921344254895766,0.03987041261851787,2310.808402846424,0.02889970356914266,0.9984940855347619,0.9985068032221932,0.00014357547068165785,0.9983398216121689,0.9988049846686655,1.1595006608692966,0.03489854328996107,13.071938774930084,7.0,6.0,1.0,1.5312836747214202e-06,0.0007001268233034199,0.00011767275541152422,0.3398470775639985,34.55032274451746,22.92871908401139,0,True,eclipsing_binary,TIC_275384718.csv,2.32,6249.4,1.1969436018711237,2263.1480106085623,0.0216318314875608,Success
24.023429677668826,16.63489733531568,8.0032e-05,3.3674951244571836,0.007943623294348612,3236.9183310387493,0.027297937670394536,0.9963902497038807,0.9963420329407634,0.0003046790739040762,0.9976553443225783,0.9936808493512971,4.801945139613421,0.054031338609981695,56.57622399420657,7.0,6.0,1.0,5.523560806079909e-07,0.0018788756102100363,3.4816922503511094e-05,-3.7381697390567794,36.5005687145552,123.60622733295895,0,True,eclipsing_binary,TIC_97735297.csv,3.27,9758.0,6.732723865434966,15557.66182274998,0.0263518152978665,Success
,,,,,,,,,,,,,,,,,,,,,,,17.097490125102922,0,True,eclipsing_binary,TIC_247873937.csv,,,,,,Required feature(s) not computable: ['transit_shape_ratio']
,,,,,,,,,,,,,,,,,,,,,,,36.17591949994676,0,True,eclipsing_binary,TIC_367099243.csv,,,,,,Required feature(s) not computable: ['transit_shape_ratio']
,,,,,,,,,,,,,,,,,,,,,,,39.17953762493562,0,True,eclipsing_binary,TIC_156991337.csv,,,,,,Required feature(s) not computable: ['period_uncertainty']
34.93292861740156,30.78932576810625,8.0032e-05,0.7993724597746389,0.0007894098933982074,1629.7108133920763,0.017833459294783197,0.9953098499986002,0.9954760230673375,0.0001845058734642085,0.9954503523300016,0.9955126955492462,0.12131923187231164,0.06158862568390459,30.19066864457373,29.0,17.0,12.0,3.867566226296742e-07,0.0007607372048397782,9.821485608929592e-05,0.7860033609688262,55.811373079465135,9.305074625066482,0,True,eclipsing_binary,TIC_361034196.csv,2.95,7009.8,0.7993405974041476,5450.070140283648,0.0246501737858959,Success
,,,,,,,,,,,,,,,,,,,,,,,38.485012916033156,0,True,eclipsing_binary,TIC_162246865.csv,,,,,,Required feature(s) not computable: ['transit_shape_ratio']
,,,,,,,,,,,,,,,,,,,,,,,47.93343154201284,0,True,eclipsing_binary,TIC_298073824.csv,,,,,,"Required feature(s) not computable: ['FAP', 'transit_shape_ratio']"
10.9202906839511,10.07853438090771,8.0032e-05,7.78868743453508,0.07065490019277432,2967.145755287303,0.07555255690231251,0.9902440082413246,0.9917483947051178,0.0006519078499027278,0.9921512410178335,0.9909352419627848,0.631261825341807,0.08882656322761058,13.449888015828645,3.0,3.0,0.0,6.1013687252894364e-05,0.0008066360239708408,-0.00018382183572240862,0.08238345539822653,13.106690876414472,44.52325854101218,0,True,eclipsing_binary,TIC_340700241.csv,1.44678,6307.0,0.3712044740842732,6060.120666155577,0.0921627185272783,Success
18.947470114856404,17.78022021503187,8.0032e-05,2.200976745760601,0.007676848672434566,2392.203677785301,0.025325776333408552,0.9986546256659676,0.9988535936608995,4.829248862383189e-05,0.9987975389208081,0.9989172922291853,0.895037844158719,0.03298592870677855,31.730220922046275,13.0,13.0,0.0,3.081362661522139e-07,0.00031413505403649403,4.490669023282656e-05,0.035624809788030794,39.43234009962373,80.06526558299083,0,True,eclipsing_binary,TIC_237184773.csv,1.0,5778.0,2.200608164264726,1550.3065328531518,0.0255998673643742,Success
7.774065479283774,7.571022169815623,0.002320928,6.367021983694138,0.07841717161284478,2827.3974397712623,0.03880398732630809,0.9991407566331207,0.9992850206176332,7.346752737769308e-05,0.9993165204171923,0.9992377709182944,0.3763913726781627,0.026361203936155885,15.247861837729811,5.0,5.0,0.0,3.0667788828208003e-07,7.918235153316703e-05,3.461374269042583e-05,0.11161040208465216,25.748404364510485,31.289555291994475,0,True,eclipsing_binary,TIC_275501623.csv,2.45,10445.0,3.180617336851239,1839.3795906588296,0.0274004876198956,Success
,,,,,,,,,,,,,,,,,,,,,,,46.48883987497538,0,True,eclipsing_binary,TIC_329277372.csv,,,,,,Required feature(s) not computable: ['transit_shape_ratio']
10.92631727486514,10.50242157823471,8.0032e-05,1.4246106840094872,0.0058312447511612575,3396.8928049295673,0.044911145792625395,0.994857143775986,0.9946229009482949,0.0003082946959251777,0.9945405213757097,0.9947061341952075,0.1899355364075136,0.06449251872249466,17.88645446870567,19.0,12.0,7.0,3.498259502656669e-05,0.0009786534854197455,0.002134681941275196,0.5691739972175363,22.1516758527979,36.88888783403672,0,True,eclipsing_binary,TIC_345333936.csv,1.35,6033.0,0.9444735297921968,14302.584798173035,0.027083870597836,Success
11.34025622059621,10.165794595322552,8.0032e-05,2.5554576766328934,0.015551108798464552,2392.1636748603623,0.02819592784086407,0.9993297806453183,0.9994046690597747,0.0001721590256487759,0.9991212349879462,0.9998263636544463,1.6132987160723917,0.023281750430301094,6.981681501473413,11.0,10.0,1.0,1.5187125793965441e-06,0.0004718780817654546,3.701629635199932e-05,0.16697733370342413,35.44234423798602,33.30208708299324,0,True,eclipsing_binary,TIC_284564230.csv,1.66,6610.0,5.114475920837928,12122.488625643024,0.0029380208864848,Success
15.867737772382881,15.619022398146875,8.0032e-05,1.2584734195625478,0.004252960386507354,1518.8872382059255,0.02343880471266575,0.9987738490119699,0.9988438703293971,6.583904542341116e-05,0.9988882734336972,0.9987938701951431,0.5087953692343526,0.03149046858288036,27.33179600897838,19.0,15.0,4.0,4.6936963974524334e-07,0.0002897056978784668,0.0001547551240455025,0.37614061473852134,42.61197877860457,44.05563095794059,0,True,eclipsing_binary,TIC_344926234.csv,1.0,5778.0,1.25940739014074,2016.2665866934049,0.0226718460644718,Success
10.832121082538345,10.83726776461586,8.0032e-05,1.668315270880843,0.007699495451630178,2853.5060813836135,0.07169218058307868,0.9876241767045864,0.9887374518095484,0.00023840594699725006,0.9887823919797021,0.988692402561312,0.13359388699966748,0.10004472544899999,67.91510545860567,18.0,16.0,2.0,2.4394981361191065e-05,0.0006729095333835468,0.003416777465927945,0.8184162769351454,13.775898133829294,53.744510416989215,0,True,eclipsing_binary,TIC_334597566.csv,1.48,6511.0,0.8330270344551459,23929.729636375963,0.0791791490274045,Success
20.222173458751765,19.743787404131957,8.0032e-05,0.9084552936542625,0.001715619815946201,3533.612668829895,0.03223037838557975,0.9985430549630803,0.9987455377829169,2.2392774218816978e-05,0.9987423923395854,0.9987489353925916,0.10318987254418065,0.03432643731308033,66.90344680003807,29.0,29.0,0.0,1.7641357393267345e-07,5.0925391952380035e-05,0.00023185564037431217,0.8881974769490748,30.981425133061425,205.31288841599599,0,True,eclipsing_binary,TIC_331484419.csv,3.81,5608.0,0.4540846924814913,1789.12140079035,0.0333589624679598,Success
10.545174198003131,8.720350109960286,8.0032e-05,2.3889174160690367,0.008396377499555463,2854.0125469565373,0.08079540268180053,0.9995551897060844,0.9995972491264353,4.4196195285843094e-05,0.9995496954739064,0.9996448027789645,0.7616338747464779,0.01896682169485091,9.098785486356999,12.0,10.0,2.0,1.1561740245776655e-06,0.00013505898260066958,6.794542134302972e-05,1.674367090597378,12.37143644970332,165.8167494169902,0,True,eclipsing_binary,TIC_377144784.csv,4.73,5017.0,5.354766559155913,799.9230982935757,0.0571655153725069,Success
11.2396412106274,10.833089826641281,8.0032e-05,4.071446601465848,0.029382159619874226,2232.6901995085695,0.09397840520695631,0.9975971616444714,0.9979601718674106,0.0001278321351568689,0.9978001397853332,0.9981178505365165,0.8809831360148889,0.04408282568113948,17.474040706281354,6.0,6.0,0.0,5.496937121592204e-06,0.00034848908520750604,-5.3041470968961946e-05,-1.5257562858693525,10.615174405732828,69.75661975005642,0,True,eclipsing_binary,TIC_141776043.csv,1.0,5778.0,1.2193696868262824,1032.2460466452021,0.1036762476611779,Success
,,,,,,,,,,,,,,,,,,,,,,,51.53211420902517,0,True,eclipsing_binary,TIC_326347927.csv,,,,,,Required feature(s) not computable: ['FAP']
,,,,,,,,,,,,,,,,,,,,,,,10.09021487494465,0,True,eclipsing_binary,TIC_98494121.csv,,,,,,Required feature(s) not computable: ['transit_shape_ratio']
,,,,,,,,,,,,,,,,,,,,,,,74.5444923749892,0,True,eclipsing_binary,TIC_308307606.csv,,,,,,Required feature(s) not computable: ['transit_shape_ratio']
15.752200044090266,14.195599642656992,8.0032e-05,3.1719190959565235,0.012410658318841694,1631.4476669010014,0.06716497656476787,0.9939137236602776,0.9942608367879525,0.00022279069613618385,0.9943759968908972,0.9940880966335351,0.46755647780068077,0.07015893378430477,30.940699238333664,7.0,5.0,2.0,4.5293035172678987e-07,0.00028876704344536975,0.0006907587169385776,0.5283285884068825,14.79809529452953,14.343755959067494,0,True,eclipsing_binary,TIC_361034196.csv,2.95,7009.8,3.1733906888809225,9011.123627331808,0.1225960880083924,Success
8.862075129800001,8.165115000071037,0.000240096,0.9416117246146014,0.003033040815002719,3666.1697514651405,0.05163058191780633,0.9991905520788201,0.9993177289765471,0.00012284359257103315,0.9992471439516514,0.9993945573943083,0.424483183623959,0.025585953299695957,5.470888086845593,26.0,23.0,3.0,1.3081857507459546e-05,0.0004565634311986975,0.00045907565261449346,0.6070831177855827,19.352688173638803,49.786383541999385,0,True,eclipsing_binary,TIC_148233571.csv,1.07,5544.7,7.463721226542558,3690.06483026757,0.0385162645309855,Success
26.089085972967876,26.07471033331791,8.0032e-05,0.850749901376676,0.0022702744285822973,1683.8450187198432,0.020802155214707158,0.9978674327152065,0.9981246754099706,4.7391963758252166e-05,0.9981171980586563,0.9981331853478949,0.11923388124963595,0.04152967362713967,139.40971867954286,31.0,30.0,1.0,9.209441183385613e-08,6.596877694379042e-05,8.30408054456333e-05,0.2736695289328797,47.9694253992352,98.40376841695979,0,True,eclipsing_binary,TIC_224600500.csv,1.0,5778.0,0.850733439643928,3435.6886597810553,0.0205993152236974,Success
17.021250067004313,16.214839557557255,8.0032e-05,1.6678229486780058,0.0037854591588983855,2335.6343946396614,0.03528436857051981,0.9970010899545602,0.997392283057526,4.621653845135627e-05,0.9975094761975429,0.9972498267256492,1.9811238042154573,0.0492480304098496,94.72645014637358,15.0,15.0,0.0,2.8557539372483596e-07,0.000514265022159533,0.00013456386011778676,0.41881741017614016,28.256169242817553,251.28089454199653,0,True,eclipsing_binary,TIC_141663464.csv,5.08,8049.0,1.667921605851164,3486.7739423709577,0.0406556072892986,Success
12.961296441948573,12.36553891735282,8.0032e-05,1.5375134621677993,0.008065329605324911,1765.7521865289812,0.07930008976456125,0.9990826168928635,0.9991194155712227,4.309793708333888e-05,0.9990988109184216,0.9991473010200672,0.41281941485829615,0.02723845788396724,22.56943943561947,15.0,12.0,3.0,1.0258491382480857e-06,0.0001380194292103466,0.0004003677274991846,1.1443464191052808,12.598757704551145,31.285011416999623,0,True,eclipsing_binary,TIC_313506357.csv,1.39,6023.1,2.018928702178238,12594.897393968018,0.0041418057629368,Success
9.980343624197014,9.706357969883314,8.0032e-05,2.0923130263092466,0.019737922390484552,2989.8877063590016,0.09856190956672378,0.9984673031909653,0.9987051463903471,0.0001602416338487957,0.9987967057515135,0.9986157363099594,0.3993200903232666,0.03520750693114739,8.168508535076144,12.0,12.0,0.0,2.1187161480259817e-05,0.0004380201219638108,0.00048797933765520884,63.186920556773316,10.13035672279695,35.48729045910295,0,True,eclipsing_binary,TIC_386297468.csv,1.6,6793.0,6.9198458757588055,200.19438099916354,0.0210151004667895,Success
10.036031685709881,8.929232704697476,8.0032e-05,3.9062508230454243,0.02499656406603723,1631.9957294577823,0.11793676358937917,0.999875987578741,0.999888943262815,1.3966807412515193e-05,0.999865946357869,0.9999037011191381,0.9310587036893087,0.010014741419190214,7.753658493025969,6.0,5.0,1.0,8.530606849817165e-08,2.2615380892046256e-05,-8.455060266365777e-06,0.5320914236745067,8.478068730629344,21.576372375013307,0,True,eclipsing_binary,TIC_364107753.csv,1.31,6059.06,1.916897413467488,117.44289579396217,0.088495959240943,Success
14.467802159508295,13.26259350777701,8.0032e-05,1.7218214293376568,0.011037553558617241,3098.842051792254,0.0863074864369331,0.9955005417435687,0.9956831611461727,0.0002821171737279965,0.9954138817436842,0.9960062964291594,0.7383574094353058,0.06032360122612703,15.072395212730862,14.0,11.0,3.0,5.572527493691836e-05,0.0009483245831883226,0.0015340013338648317,0.5468055355297213,11.534347515392007,39.63895183301065,0,True,eclipsing_binary,TIC_255918903.csv,1.13,5878.0,3.4353883447684965,6312.10351593603,0.0258864423530432,Success
,,,,,,,,,,,,,,,,,,,,,,,28.57276470900979,0,True,eclipsing_binary,TIC_467783290.csv,,,,,,Required feature(s) not computable: ['transit_shape_ratio']
12.658765926197038,11.674154192936133,8.0032e-05,1.4625963447867394,0.013496445049519301,1739.5133583409495,0.06391356275495004,0.9993971574815014,0.9994455895803471,4.903739987645802e-05,0.9994136105925161,0.9994775685681783,0.4657320840207609,0.022080509206894736,9.06763643622335,16.0,14.0,2.0,1.54074305491036e-07,0.00018902028544342918,0.0002565263052752842,-0.6398491848026311,15.6366992294464,2.403501708060503,0,True,eclipsing_binary,TIC_335996558.csv,1.28,6168.0,2.5764028413323654,4690.184864626357,0.0015832957867656,Success
13.86747745465849,13.640085866386462,8.0032e-05,0.7438245835341737,0.0034113690566311416,3041.396338947169,0.0445125668663805,0.9966187262887621,0.9970783532975711,0.00018901676281781732,0.9970000831045852,0.9971547461612049,0.2894453851213846,0.05229345192243119,16.036075018167747,34.0,34.0,0.0,3.560963358269461e-05,0.0010710950392178531,0.0019184181700016012,0.08152736263667848,22.38960357600697,56.51792970893439,0,True,eclipsing_binary,TIC_104022675.csv,1.11,5635.9,1.526927339503622,268.70050501104356,0.0331508782564972,Success
,,,,,,,,,,,,,,,,,,,,,,,79.37408712494653,0,True,eclipsing_binary,TIC_434718964.csv,,,,,,Required feature(s) not computable: ['transit_shape_ratio']
,,,,,,,,,,,,,,,,,,,,,,,76.80121591698844,0,True,eclipsing_binary,TIC_404610583.csv,,,,,,Required feature(s) not computable: ['transit_shape_ratio']
11.028027782106694,10.380292220949768,8.0032e-05,0.9789571031878467,0.0044007185709518115,3098.2437181625664,0.023221044868208376,0.9983212095434425,0.9983902038016657,9.095003955689674e-05,0.9977919099718404,0.9992572963086583,7.177663815727946,0.036847276449432156,22.9241013500261,23.0,17.0,6.0,8.627091277788752e-07,0.0007997248905673873,0.00037091943033840113,-0.2810117036632163,42.992088220381106,17.469005458056927,0,True,eclipsing_binary,TIC_304774444.csv,1.38,6317.0,1.9592214257929217,2376.699690603834,0.0384966032367377,Success
8.251174412136777,7.92625113344735,0.001040416,2.4692324875321607,0.01736252068762134,2610.5485608035237,0.045438855434172705,0.997184093702838,0.9974539200976674,0.0002033796149778659,0.9976409318470986,0.9972179975830006,0.7308249322079441,0.04772173737228942,13.649739390571485,11.0,9.0,2.0,1.0256254569325102e-05,0.000679249475382089,0.0004650547219675616,0.3485166921248849,21.945625262226493,28.60398983291816,0,True,eclipsing_binary,TIC_18017227.csv,1.78,6294.0,1.2362105742355165,7199.690229987233,0.0473651622664986,Success
9.806430325655946,9.859527185169776,8.0032e-05,1.5944315433063416,0.01433220151847836,2309.308515196302,0.07028623353034888,0.9947713636160097,0.9954027003862767,9.965156576716169e-05,0.9954479759428497,0.9953424824017911,0.3722876666872421,0.06502814525689742,66.12930063010971,15.0,14.0,1.0,3.7524602752131106e-06,0.0004106687362546146,0.0014960492099403977,0.8457869784399442,14.153146550191476,34.03774933400564,0,True,eclipsing_binary,TIC_253132689.csv,1.67,5418.0,0.795769601092603,7681.588127052774,0.0910677832212568,Success
12.887835360358597,11.444071076061618,8.0032e-05,3.8919680000506616,0.02463279439751509,1767.2095264955326,0.0426605527072428,0.9986913839980698,0.9987689730279333,0.00010024306802081779,0.9987498797675068,0.9987812176188587,0.10943168467724128,0.03253218700857758,16.20505200840318,6.0,5.0,1.0,8.717159974223069e-07,4.447492203887057e-05,7.800882883424176e-05,0.12214871210315585,23.410183896387128,29.756104707950726,0,True,eclipsing_binary,TIC_354594208.csv,1.25,5904.0,3.887435312751002,2259.830582092004,0.0366534774011941,Success
,,,,,,,,,,,,,,,,,,,,,,,28.553972624940798,0,True,eclipsing_binary,TIC_262457587.csv,,,,,,"Required feature(s) not computable: ['FAP', 'transit_shape_ratio']"
21.905173804224816,21.57596186200578,8.0032e-05,0.4792070760979502,0.0009963797594302881,1764.8141298252817,0.022192457453384634,0.9994175496621895,0.9994536966777391,3.1142383343836344e-05,0.999432236775733,0.9994750919414859,0.4867051926815335,0.021703840920542342,17.269404795576953,48.0,42.0,6.0,6.564149022548465e-07,0.00021178862777042177,0.0002263283468622035,0.5559097126044784,45.034109077891486,65.38165783404838,0,True,eclipsing_binary,TIC_366563452.csv,0.81,5028.0,0.4791994358997371,859.0301485558172,0.0685328546120969,Success
10.128571506233257,9.400446308230986,8.0032e-05,3.681804191398555,0.027791936558258845,2721.09320659602,0.09464760750297116,0.9986594335132363,0.9988760318913514,0.00017264825353248718,0.9992184210282853,0.9985336427544175,1.4091353796766912,0.03292693648322244,6.4605503948620315,6.0,6.0,0.0,1.2294318853033289e-05,0.0003921916772426692,-2.8800919569249572e-06,-0.8136823921467488,10.551343661612224,68.52335749997292,0,True,eclipsing_binary,TIC_137157546.csv,0.79,4939.0,0.8492970595441437,355.1898486483518,0.0416331105178924,Success
,,,,,,,,,,,,,,,,,,,,,,,13.59924825001508,0,True,eclipsing_binary,TIC_355732304.csv,,,,,,Required feature(s) not computable: ['transit_shape_ratio']
15.51301418351728,14.71984879926049,8.0032e-05,2.8744578615423655,0.017298389739406117,1440.1924272654205,0.05731107346987441,0.9982923851137252,0.9985352970844874,3.944016634812925e-05,0.9986941218357153,0.9983295241363553,3.3202661703847665,0.03716225960937715,39.48708419175187,9.0,9.0,0.0,4.965124878310244e-07,0.00022950566115663323,-0.00012878743680611038,-0.060978221012401156,17.418839408730985,36.15033233293798,0,True,eclipsing_binary,TIC_316916655.csv,1.44,6805.0,2.0305457620473333,1981.2955906199913,0.0178015188588365,Success
,,,,,,,,,,,,,,,,,,,,,,,27.74984516692348,0,True,eclipsing_binary,TIC_242536549.csv,,,,,,Required feature(s) not computable: ['transit_shape_ratio']
,,,,,,,,,,,,,,,,,,,,,,,15.423714999924414,0,True,eclipsing_binary,TIC_387079085.csv,,,,,,Required feature(s) not computable: ['transit_shape_ratio']
8.053462185004099,5.1403380055470045,0.001280512,5.274146262695386,0.049477946796694816,3398.2241294371356,0.05437834884424479,0.9972676998757979,0.9974171886971858,0.00021422250047174415,0.997280579603622,0.9976904068843134,0.7559076183380045,0.04700795385302853,19.400212011236185,5.0,3.0,2.0,2.033934786392736e-06,0.0002535193390261665,0.00018319259464238957,0.1376433407081717,18.339425912549476,19.090122167021036,0,True,eclipsing_binary,TIC_376682699.csv,2.0,9218.0,10.571183671846994,7481.4353172235615,0.0610933324858424,Success
,,,,,,,,,,,,,,,,,,,,,,,18.349409291055053,0,True,eclipsing_binary,TIC_258402425.csv,,,,,,Required feature(s) not computable: ['transit_shape_ratio']
15.845327099560924,11.904579401569874,8.0032e-05,3.69651697446943,0.018651283991758083,3612.346468952443,0.029398992798871815,0.9903035570834808,0.9894664342861825,0.000579050381980098,0.9896105026801232,0.9893112837080923,0.1831175507281442,0.08855505749947247,27.713289355579356,7.0,4.0,3.0,1.1571229006678136e-05,0.0010982193723900588,-0.0007710181806448446,0.33075623080207867,33.68494845583566,37.363198624923825,0,True,eclipsing_binary,TIC_458876004.csv,1.1,8469.0,7.405820329793771,3183.931205528845,0.0049311001790133,Success
15.84486711512555,11.902520259226456,8.0032e-05,3.69651697446943,0.018651283991758083,3612.346468952443,0.029398992798871815,0.9903035570834808,0.9894664342861825,0.000579050381980098,0.9896105026801232,0.9893112837080923,0.1831175507281442,0.08855505749947247,27.7158281820194,7.0,4.0,3.0,1.1569174199545855e-05,0.0010982193723900588,-0.0007710181806448446,0.33075623080207867,33.68494845583566,42.84548483393155,0,True,eclipsing_binary,TIC_458876004.csv,1.1,8469.0,6.497689020387196,198.63851936863242,0.0414647738878537,Success
9.17217500268651,8.735149541364981,8.0032e-05,2.1549036170174816,0.014989759896000043,1411.2997750198238,0.06338696533446032,0.9988968776313817,0.998971926190309,5.886994939164853e-05,0.998950454811697,0.9989862404427169,0.21152469185835793,0.029868883735755206,44.94635412978652,12.0,10.0,2.0,2.847178126158938e-07,0.0001848359226475809,0.00013144175914803213,1.0014654140750174,15.758711153952836,24.45313875004649,0,True,eclipsing_binary,TIC_49899799.csv,1.82,6084.8,2.1500005601595285,2878.3985189055893,0.0398515886914692,Success
,,,,,,,,,,,,,,,,,,,,,,,131.07297270791605,0,True,eclipsing_binary,TIC_112395568.csv,,,,,,Required feature(s) not computable: ['transit_shape_ratio']
,,,,,,,,,,,,,,,,,,,,,,,202.55189420795068,0,True,eclipsing_binary,TIC_177126182.csv,,,,,,Required feature(s) not computable: ['transit_shape_ratio']
10.88479816787256,9.871241485876526,8.0032e-05,2.4801744194680873,0.014073814791673023,2335.751210652454,0.027580679803156885,0.9975587960164494,0.9978204796658178,0.000308308481803803,0.9980305157650899,0.9975873395956256,0.5073371964213537,0.04443336270975419,9.425548706658226,11.0,11.0,0.0,1.1369247710707295e-05,0.0008790215312857746,0.00017683990767225488,-0.7078364226018203,36.16875302334893,45.07569962507114,0,True,eclipsing_binary,TIC_443658196.csv,1.48,8933.0,2.4814375105344353,10660.550907472421,0.0116146165727347,Success
6.152352397977518,3.339226427316299,0.042496999,4.6388607793123295,0.05361876758599582,2232.607475490725,0.07608956550561745,0.998956479780576,0.9990894545750519,0.00018344905607013876,0.9989199831153778,0.9992658906152609,0.6682430724320967,0.02905076552277339,8.764904600255145,5.0,4.0,1.0,1.60203204896518e-06,0.0021223558386153254,-0.00016491143255059626,-0.1954735432779518,13.128692129367282,21.551102458965033,0,True,eclipsing_binary,TIC_128463355.csv,2.29,6333.0,2.078576593371074,2196.6152105949986,0.0071952892441177,Success
,,,,,,,,,,,,,,,,,,,,,,,28.288833250058815,0,True,eclipsing_binary,TIC_399444057.csv,,,,,,Required feature(s) not computable: ['FAP']
17.11678563374206,17.081487164991742,8.0032e-05,1.4407922719535937,0.00669114099691781,1683.6777034625431,0.029668130670477404,0.9961857492984856,0.9962247391602802,0.00012342151217170665,0.996557657232259,0.9959433441232504,1.8088865701510184,0.0555407530994115,40.019817046359705,19.0,18.0,1.0,1.2792247638501184e-06,0.0008117278206511831,0.0005550942490279986,0.9426097596430586,33.57763791602093,60.522973541985266,0,True,eclipsing_binary,TIC_199688472.csv,1.46,5672.9,0.716452333261381,3483.4582534771785,0.0300574931758169,Success
,,,,,,,,,,,,,,,,,,,,,,,63.21920099994168,0,True,eclipsing_binary,TIC_233684293.csv,,,,,,"Required feature(s) not computable: ['FAP', 'transit_shape_ratio']"
6.606217966016755,6.257838573333903,0.018727491,3.3693536552809724,0.05008226837771823,2799.9879582678923,0.10320476201859473,0.9980483443930961,0.9981220217201162,0.00039850040175784545,0.9977238532419137,0.998556387332701,0.766946181625133,0.03972910107318739,8.182918551907855,8.0,7.0,1.0,2.395940548464579e-06,0.0020742527458849336,0.0007703603346902455,0.7120538644444798,9.670564854490673,5.920806040987372,0,True,eclipsing_binary,TIC_75417968.csv,1.78,6662.0,1.3862881452138474,166.06886914038998,0.0267698439269333,Success
,,,,,,,,,,,,,,,,,,,,,,,52.87740154203493,0,True,eclipsing_binary,TIC_37575651.csv,,,,,,"Required feature(s) not computable: ['depth_mean_odd', 'odd_even_mismatch']"
,,,,,,,,,,,,,,,,,,,,,,,52.24705533310771,0,True,eclipsing_binary,TIC_96097215.csv,,,,,,Required feature(s) not computable: ['FAP']
,,,,,,,,,,,,,,,,,,,,,,,76.5016043339856,0,True,eclipsing_binary,TIC_237108272.csv,,,,,,"Required feature(s) not computable: ['FAP', 'period_uncertainty', 'transit_shape_ratio']"
,,,,,,,,,,,,,,,,,,,,,,,35.19540504203178,0,True,eclipsing_binary,TIC_129881395.csv,,,,,,Required feature(s) not computable: ['transit_shape_ratio']
14.686140014895761,14.67700268814745,8.0032e-05,1.8473511293016303,0.008630675987765235,2391.3921071427,0.07135400186483999,0.9949012023702933,0.9956677451150485,4.1324910218741694e-05,0.9956718148119498,0.9956630859355878,0.07462265165428243,0.06421567240966386,116.59778860168456,15.0,15.0,0.0,1.1228592902605236e-06,4.972087816937094e-05,0.00047279019989554527,0.9026909227714205,13.943173141919255,74.08437508309726,0,True,eclipsing_binary,TIC_305943739.csv,1.42,5821.4,0.9238098818526208,5975.525428484785,0.0816926011707157,Success
,,,,,,,,,,,,,,,,,,,,,,,46.94397304102313,0,True,eclipsing_binary,TIC_160268701.csv,,,,,,Required feature(s) not computable: ['transit_shape_ratio']
14.099572086975135,13.88894376107373,8.0032e-05,3.1324303355156875,0.016765707374299055,2203.815580316677,0.05891601094340487,0.9932220336204508,0.9942614336090988,0.00011465685470462466,0.9942748881051398,0.9942478198882525,0.08348322242935124,0.074038370521375,69.48557198076462,8.0,8.0,0.0,2.209827799979369e-06,8.882463435732886e-05,0.0005244309439788042,0.3841931282804034,16.858270234462186,71.3374708329793,0,True,eclipsing_binary,TIC_63303499.csv,1.25,5952.0,3.132544068670258,8060.687808163602,0.0757458370692934,Success
8.095272925889711,7.947665641824166,0.001280512,2.6557960231880893,0.018391482339933152,3043.389160963855,0.1061915828902004,0.999539191395734,0.9996055570432384,3.737076896939695e-05,0.9995279445068722,0.999683783926858,1.47882613099499,0.01930489468244082,10.608859270414067,10.0,10.0,0.0,1.0510434062135413e-06,0.00013692172864188565,0.00014262038390566723,0.7620038974510065,9.412602808917859,46.24536720791366,0,True,eclipsing_binary,TIC_231721005.csv,1.78,9671.0,1.3306212314542178,548.7655130339552,0.0901297384314704,Success
,,,,,,,,,,,,,,,,,,,,,,,52.05909779202193,0,True,eclipsing_binary,TIC_78154865.csv,,,,,,Required feature(s) not computable: ['FAP']
12.130121750129236,11.603949090599867,8.0032e-05,1.93501873625154,0.012387696192185382,2641.226894399605,0.04613725962230449,0.9950269323571942,0.9951623005915603,0.0002562615529053805,0.9950330259000219,0.9953246229486047,0.4011679139700873,0.06341899128903893,40.89829741106527,12.0,9.0,3.0,4.59019808335634e-06,0.0006712593448480138,0.0006855520992146147,0.5399266418184785,21.566667385597402,31.99906837497838,0,True,eclipsing_binary,TIC_219824469.csv,1.62,5923.0,1.9318192629377768,10417.40643256117,0.0439212002170625,Success
9.327202567751623,9.176586350259065,8.0032e-05,0.995600009135454,0.00292025070252816,2610.5787830978998,0.018183647502744076,0.9987672907772848,0.9988972975930628,0.0001879535749343209,0.9986908696227881,0.9990841279712226,0.7386114149171117,0.031574571792360784,5.7994928161932275,26.0,23.0,3.0,1.0880503706522848e-05,0.0007934551567347129,0.00020754023043534353,-0.05080467447059522,54.92667467440522,84.66531962505542,0,True,eclipsing_binary,TIC_1001477809.csv,1.0,5778.0,0.9959169302516806,2395.016861361787,0.0247359099911617,Success
,,,,,,,,,,,,,,,,,,,,,,,84.10961695795413,0,True,eclipsing_binary,TIC_103245940.csv,,,,,,Required feature(s) not computable: ['transit_shape_ratio']
11.528975194386168,9.740768532150565,8.0032e-05,2.9776380321590987,0.017411105078805722,1468.3280156344633,0.11840415988184651,0.9989117671916823,0.9989976341473074,4.754477748705396e-05,0.9989692900350319,0.9990326474624713,0.4708661351532964,0.02966661901408636,14.851582597678897,8.0,7.0,1.0,1.6395190275352332e-07,0.00012634518079370025,0.0003331017866803343,0.8834701689328465,8.436458382783842,11.289830334018916,0,True,eclipsing_binary,TIC_78672342.csv,3.56,6492.5,4.991526662523334,1491.9094378456066,0.0313440100929735,Success
19.92358529020458,19.663006529714917,8.0032e-05,1.5404106254455117,0.005394493150520652,2229.306359611354,0.039752247833800484,0.9951202800660907,0.9952672006326592,8.953979909318569e-05,0.9953515018337774,0.9951842518572275,0.6618581878643777,0.06282096383015133,57.161193553106116,17.0,16.0,1.0,2.5687643791129268e-06,0.0002582311226746287,0.00041699333831479724,-0.03995007928839346,25.033056853201675,74.27723754197359,0,True,eclipsing_binary,TIC_279999655.csv,1.0,5778.0,2.517890878434771,63.2806522348206,0.0334317964132054,Success
6.982890010200733,6.3302858417216195,0.00992397,1.7003354533401638,-5.352065623234583,1817.0199786691433,0.13937897630461543,0.9997349119142588,0.9997583237053903,3.726752275618187e-05,0.9998134892488261,0.9996900235087557,1.188247462657137,0.014642062332308543,6.54298382215448,15.0,14.0,1.0,1.2902094570845016e-07,0.00013313501430288528,0.00017788208035107722,-0.0012332668372529408,7.172781278930611,2.307240542024374,0,True,eclipsing_binary,TIC_368536386.csv,2.0,7185.0,0.5764794083134749,243.97786661356503,0.022971838093738,Success
12.062487249851529,10.288875888138305,8.0032e-05,3.6553108791281352,0.0341475572117238,2477.698826272452,0.05489848829683781,0.9933266510589325,0.9936919636573952,0.00033810959308183187,0.9930681402999971,0.994109608108535,1.0631317469639092,0.07346475996073465,20.138679412925903,6.0,5.0,1.0,1.9180853235725786e-05,0.0008047980052243431,-0.0006337284752633288,-7.6160472062809355,18.093879847619572,29.636499208048917,0,True,eclipsing_binary,TIC_467783290.csv,1.95,6630.3,7.016160100919108,1654.1347100476055,0.0203632457148109,Success
,,,,,,,,,,,,,,,,,,,,,,,53.16389841702767,0,True,eclipsing_binary,TIC_80029842.csv,,,,,,"Required feature(s) not computable: ['FAP', 'transit_shape_ratio']"
,,,,,,,,,,,,,,,,,,,,,,,70.15877783298492,0,True,eclipsing_binary,TIC_408549705.csv,,,,,,"Required feature(s) not computable: ['depth_mean_odd', 'odd_even_mismatch']"
21.799614955203197,21.529342874847888,8.0032e-05,2.6534822554873534,0.010135944507763783,1354.6048505709614,0.024136265066013123,0.9962639762569119,0.9954439774255167,0.00035813106377283725,0.9956850165268354,0.9947208601215612,1.2613658178107212,0.054968256314190285,13.421294393499519,11.0,4.0,7.0,1.270690643621256e-06,0.0005519463125440044,-3.359333567409806e-05,-0.0957593754534143,41.27664216199614,83.20992395898793,0,True,eclipsing_binary,TIC_382474101.csv,1.0,5778.0,4.997905071606096,7720.727397859228,0.0030039563733412,Success
14.294611724143747,12.362125501840046,8.0032e-05,4.32005511035333,0.02448366280503489,2797.9842851483513,0.09096525296154988,0.9928331958752352,0.9935256468332915,0.00024520756052295785,0.9933722499363649,0.9936814036824784,0.4465432915514196,0.07613246899913016,27.3821348005874,7.0,6.0,1.0,2.159816790039465e-05,0.0006545035125462855,-0.00036079999999993895,-0.6683199008058158,10.914422414621285,55.89514179190155,0,True,eclipsing_binary,TIC_1965256662.csv,1.25,6017.0,0.6604040963546238,3500.8413404473695,0.0421268322953724,Success
,,,,,,,,,,,,,,,,,,,,,,,41.047448041965254,0,True,eclipsing_binary,TIC_437893926.csv,,,,,,Required feature(s) not computable: ['FAP']
,,,,,,,,,,,,,,,,,,,,,,,223.59273683396168,0,True,eclipsing_binary,TIC_326732851.csv,,,,,,Required feature(s) not computable: ['transit_shape_ratio']
12.673699441424766,10.107812374281275,8.0032e-05,4.744979077009445,0.026723848124452054,2063.892688124416,0.03137108662157431,0.9979211650854521,0.9979216599590798,0.00020148839919370982,0.9981930121106681,0.9976562067673093,0.9534256587437879,0.04100314301539064,11.324861911471018,5.0,4.0,1.0,3.0322667054182653e-06,0.00047025316613971956,0.00015121826026165408,-0.18090592188342533,31.810219936697013,68.6073827079963,0,True,eclipsing_binary,TIC_219205407.csv,1.05,5008.3,4.750061687709045,6058.9232423108315,0.0401748109433865,Success
18.62328972059861,12.589917991384377,8.0032e-05,5.972852724581658,0.023497367155855375,1415.280161468791,0.04241179353947545,0.9929684072357228,0.9941759807594441,0.001401522570434215,0.9942955981470747,0.9939367459841829,0.09328366191735148,0.075410878844562,14.963146835318216,4.0,3.0,1.0,7.504566992865146e-07,0.0008708921683060629,-9.471373080094381e-05,-0.24840944680444094,23.412554017822938,6.556043665972538,0,True,eclipsing_binary,TIC_29959761.csv,0.73,5027.0,5.97164187779187,14259.91741667365,0.04289960150531,Success
9.303933212420837,8.982399551674556,8.0032e-05,2.771466697967478,0.02067102624102013,2334.8918311293446,0.03651748950005512,0.9991412382058428,0.9992748391046644,4.963515500425901e-05,0.9992253569806577,0.9993228441503423,0.6963251264504237,0.026353815682452063,14.117226849151363,10.0,10.0,0.0,6.961925748258228e-07,0.00013952491293036734,2.7285930744858078e-05,0.0028541595587150423,27.360622317816635,29.150876582949422,0,True,eclipsing_binary,TIC_242536549.csv,1.85,6422.1,3.757713643069537,2646.562138384434,0.0167576575284233,Success
,,,,,,,,,,,,,,,,,,,,,,,95.31637883395888,0,True,eclipsing_binary,TIC_29117085.csv,,,,,,Required feature(s) not computable: ['period_uncertainty']
17.020174067849926,15.507951627837398,8.0032e-05,3.1252349961242745,0.012474622523443335,3342.542502690967,0.06902823849740572,0.9973655465364991,0.9977543465095815,0.00016526868628538653,0.9979032214367999,0.9976039601617824,0.6409871556993816,0.046158577086023146,13.185443870049484,8.0,8.0,0.0,1.1392383763678534e-05,0.000414974282876621,-5.6350736958199477e-05,-4.379025805853725,14.448659972309493,71.89145674998872,0,True,eclipsing_binary,TIC_364408162.csv,1.0,5778.0,5.089895087840546,509.8227039852521,0.0640178635654235,Success
6.165189745796973,5.237303619641017,0.041856743,7.835293096885157,0.07560878504499025,1608.0961300215822,0.10483165289430599,0.9994168674454242,0.9995022657474552,4.6516504501612354e-05,0.9996770010859476,0.9991058512481883,4.643475262105157,0.021716547918883108,12.726116772131043,3.0,3.0,0.0,3.343320361955561e-07,0.0003963343411322155,3.856549576475299e-05,1.1648340572792573,9.533541061811382,84.31975408399012,0,True,eclipsing_binary,TIC_327017634.csv,0.577983,3773.0,4.277094911366678,157.3243961343618,0.083364184767571,Success
11.694144917795835,11.393962886334275,8.0032e-05,2.0421182544910534,0.010502301866058827,3747.2549538813614,0.056858461824005405,0.996619228603974,0.9971177279367437,0.0002857787918397833,0.9970589470740446,0.997176714326935,0.14570240695968975,0.052289567473216135,10.267470073799155,14.0,14.0,0.0,4.5133555429072435e-05,0.0008112018864305562,0.0003258317836833946,27.020325824304745,17.528072280407795,91.70514424995054,0,True,eclipsing_binary,TIC_374847873.csv,1.0,5778.0,0.5987399633791549,2818.704161861252,0.0220478085115858,Success
19.374977900456557,19.310810728276763,8.0032e-05,1.024548127222949,0.004525029469732322,2202.7404353702086,0.071085762796394,0.9941187505303729,0.9947615645334895,6.303666837846043e-05,0.9947606872673589,0.9947625102388217,0.010221059933745766,0.06896709728965625,167.3208053380099,25.0,23.0,2.0,1.3876554469946988e-06,0.00023381046575891046,0.004575826131991589,0.9477427609422849,13.984779953445221,88.66825166693889,0,True,eclipsing_binary,TIC_37084932.csv,1.0,5778.0,1.0234214586912225,7879.554329311977,0.0841626373883832,Success
,,,,,,,,,,,,,,,,,,,,,,,38.14619500003755,0,True,eclipsing_binary,TIC_92359850.csv,,,,,,"Required feature(s) not computable: ['FAP', 'transit_shape_ratio']"
,,,,,,,,,,,,,,,,,,,,,,,63.06504387501627,0,True,eclipsing_binary,TIC_420645189.csv,,,,,,"Required feature(s) not computable: ['FAP', 'transit_shape_ratio']"
15.936873036205206,15.683282446564188,8.0032e-05,1.4837578212250868,0.00625707684250143,1684.2077178989127,0.06291652355506677,0.989608748848057,0.9910739238301934,0.0002125985709646517,0.9905280551801292,0.9916143744291404,1.8139346512542098,0.09167292058800057,50.27963121418791,18.0,18.0,0.0,2.5793218134257512e-05,0.0008910153753776181,0.00274555286867717,-1.2301942844128422,15.728916553724021,56.26414400001522,0,True,eclipsing_binary,TIC_336267424.csv,1.31284,6835.31,2.505802468830998,1420.1413274191887,0.005311417043154,Success
,,,,,,,,,,,,,,,,,,,,,,,38.159401374985464,0,True,eclipsing_binary,TIC_117068362.csv,,,,,,Required feature(s) not computable: ['transit_shape_ratio']
,,,,,,,,,,,,,,,,,,,,,,,27.746017750003375,0,True,eclipsing_binary,TIC_21755546.csv,,,,,,Required feature(s) not computable: ['FAP']
14.918798958606196,14.866358929996883,8.0032e-05,0.9891541358993587,0.00424604670616302,3610.766827579606,0.03250683568902458,0.9986727725120537,0.9987192319078588,6.83810102126752e-05,0.9987132093139256,0.9987252023581216,0.062007253347908214,0.03276271098179452,30.567147697400078,26.0,20.0,6.0,8.673157872032244e-07,0.00020894191849895387,0.00034596054504609786,1.3851957104814814,30.72193129056975,82.71337774989661,0,True,eclipsing_binary,TIC_370759867.csv,0.97,5865.0,0.9880077707055848,4652.274502701781,0.0290884962716678,Success
12.173876241283127,12.166494681129072,8.0032e-05,1.7649119823861885,0.008966323443764357,2826.977039501743,0.029662617112872606,0.9987561351417878,0.9989113200899816,0.00014540248731077698,0.9989437651370952,0.9988750751724853,0.1665694315873758,0.031717120047051524,16.684008112494027,15.0,15.0,0.0,1.0644359799639848e-06,0.0001843840412685324,6.962156940071296e-05,0.17465299377507357,33.670533228450715,61.08329895802308,0,True,eclipsing_binary,TIC_164150539.csv,1.55,5772.0,0.8832931576765384,7262.224642358373,0.007987266897892,Success
,,,,,,,,,,,,,,,,,,,,,,,92.90100975008681,0,True,eclipsing_binary,TIC_148659924.csv,,,,,,Required feature(s) not computable: ['transit_shape_ratio']
12.998315102182767,12.243823230568465,8.0032e-05,1.3872415792589263,0.010943218870733462,1628.8189299622868,0.10072337552781246,0.9988870977479898,0.9989873400710536,5.821089573007988e-05,0.9990988866171321,0.998893406137514,1.2633180889628495,0.030000994922056556,18.08214237460169,18.0,15.0,3.0,2.2798240596819484e-07,0.00028090940784222573,0.0009463301362169219,1.0097342459139553,9.917132865271874,2.659887084038928,0,True,eclipsing_binary,TIC_344600402.csv,1.14,5678.0,3.129603265789783,570.8150576851923,0.0470776760291204,Success
43.680397999660684,42.936961743544906,8.0032e-05,1.0680541185629389,0.0009846944749791753,2362.3637668387923,0.022191845704193445,0.9843752954951435,0.9860905589491267,0.00022025420766096093,0.9860929941185096,0.986088334827757,0.0074721172919164905,0.11241209796237557,224.12550282132327,26.0,25.0,1.0,1.2640518890120443e-06,0.0002864536774283714,0.00033119647665269536,0.2655635860785794,44.357522515990304,264.0108065829845,0,True,eclipsing_binary,TIC_426077080.csv,3.09,6907.0,1.0681685745038767,26290.93700888119,0.0315686079752224,Success
13.470424206326083,13.210187263883693,8.0032e-05,1.00728765923485,0.004001056766401723,2964.864000874699,0.030854806771402295,0.9984711287479302,0.9986304851558181,0.00013209660022167732,0.9986562824027537,0.9985992444531072,0.15284517060978758,0.03516354113441148,10.044530112772742,23.0,22.0,1.0,8.907872121949129e-06,0.0006618171396343027,0.00048506231715761405,0.12385403360322463,32.360310539146234,47.98998579196632,0,True,eclipsing_binary,TIC_344085117.csv,1.25112,5832.0,1.0064179708424146,1581.60493481041,0.0449236056346271,Success
5.894092769192594,5.163412124791243,0.067386955,2.6359922416747437,0.01940914523926529,2964.5052276210417,0.02803720102346389,0.9955580470532831,0.9962111634520665,0.0005649417906025937,0.9959688066853684,0.9965133613957269,0.3409560651912484,0.05993687884480882,6.187633215871839,9.0,9.0,0.0,6.806066978645675e-05,0.00159730006900419,2.3000721065091767e-05,4.897984301426786,35.5084677040378,35.913197083049454,0,True,eclipsing_binary,TIC_182470056.csv,1.7,6259.0,4.230604291611535,375.3814605720329,0.0560235988062116,Success
11.289137671645994,11.087077365832487,8.0032e-05,7.843256273235364,0.0629022242502244,2394.4345174899827,0.15006059953775314,0.993046959086141,0.9932330286046891,0.00018353762966017667,0.9925774861812448,0.9939016818766023,2.613029428542694,0.07498847804218611,28.483908352338627,4.0,4.0,0.0,1.6529684001204462e-05,0.0008955158471285351,-5.380911898789087e-05,0.4751073969106833,6.617639554587441,90.13661295897327,0,True,eclipsing_binary,TIC_232679662.csv,1.0,5778.0,2.702670918954415,1930.6077938909816,0.0346736572889163,Success
6.407523705513095,6.040677733084477,0.025930372,3.849420185136929,0.03154493125220914,2720.016708310559,0.09464759348433525,0.9988382755009781,0.9990291972570383,0.00014430588365327087,0.9988631113727166,0.9991960972878519,0.8191493882825612,0.030651993223670213,6.643121460032749,6.0,6.0,0.0,8.705859896723632e-06,0.0004118910917200716,-1.0953056495344171e-05,2.0157455273546354,10.553234781043766,36.774949999991804,0,True,eclipsing_binary,TIC_395773226.csv,1.69,5115.0,0.918675340724223,1888.0229540487737,0.0212869432846076,Success
9.581598759971422,9.596812333947817,8.0032e-05,1.9014978666600328,0.01351921144814594,1957.3237525139364,0.07468076582885266,0.991204198778602,0.9914551232375557,8.166779102715586e-05,0.9914676699725447,0.991444739732737,0.09888878996798516,0.08434218539856336,92.73752510158269,14.0,11.0,3.0,5.566572113313696e-06,0.0002205781461068777,0.002701231784155267,0.9759964607520265,13.272550003707295,31.885561000090092,0,True,eclipsing_binary,TIC_289539327.csv,2.01,6115.7,0.9495523669106988,10540.950469890564,0.1419580164471774,Success
,,,,,,,,,,,,,,,,,,,,,,,65.68194083299022,0,True,eclipsing_binary,TIC_306547699.csv,,,,,,Required feature(s) not computable: ['transit_shape_ratio']
15.89357998961184,15.57223476819001,8.0032e-05,1.6376295894835304,0.006418105469915614,2391.379797454602,0.04302132097971579,0.9914183996094703,0.9924688535863093,0.00020061320142011584,0.9892126709929192,0.9957250361796993,17.320316163271325,0.08330887897361772,131.339301711807,17.0,16.0,1.0,2.0951124329718727e-06,0.0033122226324989036,0.000766986353414989,0.9059956671416032,23.04481538530433,75.84739366697613,0,True,eclipsing_binary,TIC_288185138.csv,1.24,6105.0,3.273345098737173,23202.56974117918,0.0641117798626311,Success
19.345758181370023,17.894293664068343,8.0032e-05,6.343389125183286,0.04103735829274502,1357.779049988388,0.060031425342058284,0.9856883181360706,0.984857730517627,0.0003578263741694427,0.9851994833089114,0.9844931942069243,0.7094968320206999,0.10758518814155087,19.3535121048466,4.0,4.0,0.0,1.7624563072529743e-05,0.000983105108365761,-0.001088499248701913,0.19152428481979134,16.41953880854288,64.6879745000042,0,True,eclipsing_binary,TIC_120585579.csv,1.2666,6083.0,12.055481711586015,1578.234182640803,0.0404093773367776,Success
15.025093929224887,14.419263781182396,8.0032e-05,0.9150707401893955,0.0032975183854086487,2797.697880419707,0.07553074337835614,0.9994248740358358,0.9994949729252944,3.168929450537786e-05,0.9994962139455442,0.9994938099470086,0.026804256540858436,0.021566945159614024,15.716248656544767,30.0,29.0,1.0,1.6235383708383702e-06,0.00021168510985149512,0.0004483782374116174,-0.14308521663572127,13.232027507387516,204.48504766705446,0,True,eclipsing_binary,TIC_294176967.csv,3.5,7875.0,10.338007443214616,512.7994523439484,0.0163574764039777,Success
,,,,,,,,,,,,,,,,,,,,,,,57.83421087509487,0,True,eclipsing_binary,TIC_153949511.csv,,,,,,Required feature(s) not computable: ['transit_shape_ratio']
,,,,,,,,,,,,,,,,,,,,,,,51.91046008397825,0,True,eclipsing_binary,TIC_339250695.csv,,,,,,Required feature(s) not computable: ['transit_shape_ratio']
12.951943369658247,11.683218341500924,8.0032e-05,0.7202200818220512,0.0026791528610319304,2036.559754226165,0.0413309521611368,0.9987582042288999,0.9987940658193865,6.579870935704796e-05,0.9993762732362078,0.998210365563035,6.606181494968173,0.031690729399576394,19.20926378898682,34.0,32.0,2.0,3.0787288827972835e-06,0.0005989537411435111,0.0010960685054769437,-8.418220081024867,24.16489705669121,204.1185127919307,0,True,eclipsing_binary,TIC_294869729.csv,2.94,5614.0,1.4402507552279846,2073.7604278856516,0.0951428163201834,Success
6.846565401964645,6.394093861334171,0.012164866,2.517670899096018,0.018239157014124485,2089.518689557931,0.02338864774874,0.9981426759730431,0.9983332704527487,0.00033675313934822764,0.9981715836419146,0.9984949572635832,0.33989090212267664,0.038757074280722184,5.15904475027196,10.0,8.0,2.0,1.4186198356227117e-05,0.0006121789026887969,6.589127278455731e-05,-0.5439065601595816,42.6763738842839,31.349770792061463,0,True,eclipsing_binary,TIC_13023738.csv,1.71,5657.0,0.8377088178622851,343.25403320700775,0.0391965880052368,Success
,,,,,,,,,,,,,,,,,,,,,,,29.984469166956842,0,True,eclipsing_binary,TIC_256349966.csv,,,,,,"Required feature(s) not computable: ['FAP', 'depth_mean_odd', 'odd_even_mismatch']"
,,,,,,,,,,,,,,,,,,,,,,,1.1748823749367148,0,True,eclipsing_binary,TIC_269424395.csv,,,,,,Required feature(s) not computable: ['transit_shape_ratio']
7.621049854298067,3.681454684686521,0.003041216,3.3362926679756923,0.02593442941291646,3211.3078749377787,0.01969657566314494,0.9980674348595987,0.9978488154578135,0.000374133881114998,0.998640001450934,0.9948423086839551,4.344714044719459,0.03953431493398552,9.784285565298548,7.0,5.0,2.0,3.436934752202804e-06,0.0026071811934445105,-0.0002307367376719327,4.181375718173937,50.67212960916466,44.13817254197784,0,True,eclipsing_binary,TIC_422653398.csv,1.67,5444.3,1.6898822721084803,209.988561871155,0.0694504920710264,Success
12.579239824277874,10.960076611736078,8.0032e-05,3.107335812111341,0.02159933527138902,2450.3556225338,0.04977784436211308,0.9911993151954761,0.9919007590300347,0.0005676947434126839,0.9921051638293272,0.9915402116757271,0.35193447697079805,0.08436559627987406,14.786252977775636,7.0,6.0,1.0,5.9529837765570836e-05,0.0013407964100902695,-0.00012474987986710318,0.9927480593786285,19.91245960722835,32.85087170905899,0,True,eclipsing_binary,TIC_28873762.csv,1.44,6241.0,3.466438051243109,2867.6561969549484,0.018847712927445,Success
7.797211009331896,7.107093927182826,0.002240896,1.934474676595096,0.012634783610258937,3340.676352618926,0.04680724042395796,0.9969735381106669,0.997382196005989,0.000271227495356772,0.997348796819958,0.9974219192982511,0.09625607122310476,0.049473741045105275,9.896531723437578,14.0,11.0,3.0,2.5808465704486806e-05,0.0013645879916566062,0.0003868853088951907,0.7245154580320753,21.299558125635045,26.351568083046004,0,True,eclipsing_binary,TIC_15682927.csv,1.92,7542.0,0.845632498646842,1208.0847816392516,0.0904245020424634,Success
,,,,,,,,,,,,,,,,,,,,,,,47.45622445794288,0,True,eclipsing_binary,TIC_89643259.csv,,,,,,Required feature(s) not computable: ['transit_shape_ratio']
7.512561321631725,7.408402566002189,0.003921569,3.3926822197867748,0.039753492437483606,1657.5581141944035,0.08061494214812367,0.985991067653158,0.9870162942548699,0.00034764650185706384,0.9868501122642982,0.9872283195531856,0.37852199270263853,0.10644117640982952,63.10379423745704,8.0,7.0,1.0,1.7191817800239497e-05,0.0012190394182818396,0.0011863529027223985,0.5394998540395133,12.230872359140024,22.41353620798327,0,True,eclipsing_binary,TIC_220435095.csv,2.6126101,5620.9,1.699827699123467,24240.66938883318,0.10381232551371,Success
8.604678732790486,8.461644643534095,0.000480192,2.1255106934959307,0.01593296790937737,2420.2901410384516,0.05979426477368821,0.9979821183685871,0.998204533735807,4.9700464806912674e-05,0.9981754739728692,0.9982334808640043,0.41281763637583313,0.040397546576558335,37.01340207317038,13.0,12.0,1.0,1.2247505527793032e-06,0.0002043839126533994,0.00047408431248230354,0.6547025636379104,16.69026489657145,35.70654141600244,0,True,eclipsing_binary,TIC_341544930.csv,2.05,6496.7,1.0620860096528772,3206.9770852451993,0.0829086448681679,Success
,,,,,,,,,,,,,,,,,,,,,,,17.77542545797769,0,True,eclipsing_binary,TIC_258557847.csv,,,,,,"Required feature(s) not computable: ['FAP', 'depth_mean_even', 'odd_even_mismatch', 'depth_consistency_std']"
,,,,,,,,,,,,,,,,,,,,,,,34.59588270797394,0,True,eclipsing_binary,TIC_421308357.csv,,,,,,"Required feature(s) not computable: ['FAP', 'transit_shape_ratio']"
,,,,,,,,,,,,,,,,,,,,,,,25.09657883294858,0,True,eclipsing_binary,TIC_49899799.csv,,,,,,"Required feature(s) not computable: ['depth_mean_odd', 'odd_even_mismatch', 'transit_shape_ratio']"
,,,,,,,,,,,,,,,,,,,,,,,55.60426008293871,0,True,eclipsing_binary,TIC_260476837.csv,,,,,,Required feature(s) not computable: ['transit_shape_ratio']
,,,,,,,,,,,,,,,,,,,,,,,162.04918708407786,0,True,eclipsing_binary,TIC_365639282.csv,,,,,,Required feature(s) not computable: ['transit_shape_ratio']
9.439782273338789,9.109121686848503,8.0032e-05,5.220525024466083,0.03875033242519832,3718.3535844364474,0.039554611315069675,0.995141483925231,0.9958896605160126,0.0004680547324048489,0.9955374808195178,0.9962418402125075,0.5331466185299424,0.06268432719164645,8.086133506687709,6.0,6.0,0.0,4.379166809213889e-05,0.0014930823971418968,0.00027039214905200115,-0.7946968634870315,25.15867179172857,51.74650020804256,0,True,eclipsing_binary,TIC_358072664.csv,1.63,5541.0,5.21948964505935,6986.012353458748,0.0633731320790659,Success
,,,,,,,,,,,,,,,,,,,,,,,49.622034666943364,0,True,eclipsing_binary,TIC_147660201.csv,,,,,,Required feature(s) not computable: ['transit_shape_ratio']
5.682298232163201,5.313770510607473,0.095158063,2.8209811912011964,0.028307590793215542,2231.4653480783177,0.0353699990861597,0.999555432953234,0.9996233171759686,6.126791277742264e-05,0.9996094904830659,0.9996405327641906,0.1781286853707458,0.018961634926134185,6.136001501909157,9.0,9.0,0.0,8.627987423965156e-07,0.0002459530474834994,-6.954635460854064e-07,1.1406534536334356,28.25997904377557,22.56091729097534,0,True,eclipsing_binary,TIC_54390047.csv,2.34986,8322.0,8.938787364900449,357.77718963081463,0.1486309202658227,Success
13.859672423546588,12.085489958950895,8.0032e-05,5.095034241056155,0.03411600772427503,2857.988547743002,0.07473938290054474,0.9959803888953325,0.9965661236394384,0.00014522013137763958,0.9966255866163047,0.9964755133889753,0.3627185245383895,0.05701631767222315,26.938596854764718,5.0,5.0,0.0,4.231713531297501e-06,0.0004009195426786311,-0.0002451182570841759,-0.12001955594133802,13.32604512162855,60.76327470794786,0,True,eclipsing_binary,TIC_80478272.csv,1.48,6360.4,0.713816120896354,10018.26406661277,0.0135555769105065,Success
19.035089342520017,18.3206511912046,8.0032e-05,2.196139216902485,0.008058851659632715,1327.3470087846,0.051783214126423505,0.9963152047717188,0.9967418789782045,9.842251589743207e-05,0.996750921727644,0.9967336243583035,0.06253333196019381,0.05459009196614764,42.06082872877613,12.0,12.0,0.0,2.523257480894203e-06,0.0003537943831378753,-0.0001339455130366929,-11.162853217983878,19.24011905362451,78.75918658298906,0,True,eclipsing_binary,TIC_278866211.csv,1.04092,6054.0,12.643250020672909,1990.172670053636,0.020245849531263,Success
8.556165082835332,8.489322501797355,0.000480192,4.7948667429304725,0.06192237369069442,1764.7660298578278,0.10285291445166059,0.9987982428067506,0.9990574311953117,0.00010476599776718775,0.9991309547505904,0.9989471458623941,0.6214083019924675,0.031175649633014644,11.220790269596815,5.0,5.0,0.0,1.6481778918107017e-07,0.0001310864953272638,0.00017417250828566377,0.0960155347179538,9.710937683503092,0.7906030419981107,0,True,eclipsing_binary,TIC_270333769.csv,2.38,9953.0,4.791297770326786,1449.4703732768066,0.093329752297478,Success
,,,,,,,,,,,,,,,,,,,,,,,39.495867792051286,0,True,eclipsing_binary,TIC_158555987.csv,,,,,,Required feature(s) not computable: ['transit_shape_ratio']
11.662742311976988,11.693364969379193,8.0032e-05,0.8577168101537538,0.003813082552915792,2256.323094223211,0.02888628453308942,0.9986521439570833,0.9987282941572744,7.801882145704751e-05,0.9987282699467311,0.9987283180435691,0.00021797306885023722,0.03301633799664707,19.067628561125566,28.0,22.0,6.0,2.006923169868551e-06,0.0002868139705637874,0.0005143983362531079,0.6650378052671401,34.5718447387417,71.38535374996718,0,True,eclipsing_binary,TIC_140706664.csv,1.0,5778.0,0.4293412398133466,2512.058243555604,0.048143090071836,Success
14.765920814124822,12.828466257751371,8.0032e-05,5.292881364583251,0.03167811693104294,2719.7551948663545,0.07052237015592418,0.9982945432986782,0.9984721873570603,0.00014398893650928603,0.9983079509893912,0.9986380498273797,0.8181171868682858,0.0371387682508996,9.010321569306207,5.0,4.0,1.0,5.780339477309697e-06,0.0002510184941948723,5.517665829823937e-05,-0.02559884095038896,14.155714578104224,53.509996042004786,0,True,eclipsing_binary,TIC_461538935.csv,1.11,6655.0,3.3627771784996137,849.3242675772228,0.0400253149859785,Success
11.774725185783218,10.451767665505876,8.0032e-05,8.218085637709413,0.0645345548055305,2859.488606222684,0.07734546085871839,0.9862920368248753,0.9884328931691572,0.0003820736870102387,0.9888376870072688,0.9876233054929342,1.166296205552367,0.10529157239723456,64.95525665750125,3.0,3.0,0.0,4.556367762522907e-06,0.0006624026323819794,0.000318137613867564,0.007868956662963889,12.751776586171834,46.64569604198914,0,True,eclipsing_binary,TIC_80478272.csv,1.48,6360.4,8.205751163869225,18497.982695926617,0.1015235020871213,Success
9.066651003436506,9.112083823866131,8.0032e-05,3.6675284475669163,0.02628210659753294,1684.4002518374477,0.019442504103816562,0.9986198312013825,0.9984513692953638,0.00034922388281957413,0.9983558226810215,0.9984974364129935,0.13716889976931015,0.0334097518081454,16.613443561053252,8.0,6.0,2.0,7.92576354331946e-07,0.00017573599959222916,1.0102720218951866e-05,-0.28838587697359236,51.36271675032608,28.647472832934,0,True,eclipsing_binary,TIC_122220263.csv,1.65,6277.0,0.7335738674773223,19898.21671617198,0.0049824445995665,Success
,,,,,,,,,,,,,,,,,,,,,,,146.3148662499152,0,True,eclipsing_binary,TIC_125894957.csv,,,,,,Required feature(s) not computable: ['transit_shape_ratio']
16.465744388168908,14.676619078322654,8.0032e-05,1.3589276685356326,0.0055185067217115025,1492.8048205981313,0.022887390538000322,0.9988284849328634,0.9989410191350944,0.0001192704704110678,0.9989725373386527,0.9989126953440586,0.17694585341066946,0.030780883849343226,10.032382476464974,18.0,17.0,1.0,3.1447835832167284e-06,0.0002923418699174937,0.00015605611333280311,-0.16853707037627055,43.64099451505804,44.68868316698354,0,True,eclipsing_binary,TIC_142087638.csv,1.18003,6142.0,1.3599658992804784,2710.103989572388,0.0175018980964107,Success
23.424959660431256,23.190659340048803,8.0032e-05,0.9680436532679081,0.0023636582416139418,1518.3120643310942,0.016085116276066822,0.9975814075274352,0.9971529100060208,0.00011617276449051392,0.9971075602303294,0.997201924410051,0.2868881653196484,0.04422710325339877,41.88842498068492,25.0,19.0,6.0,9.953189755695817e-07,0.00030660826414571294,0.00016428408139534945,0.02225732769532148,62.0189117943614,79.3557654999895,0,True,eclipsing_binary,TIC_62530991.csv,0.78,5276.5,0.9680162503139292,4747.471444471962,0.0155767877993202,Success
19.9822098695529,15.310326410377003,8.0032e-05,5.218169563044449,0.02618416013498237,1765.0506827201534,0.11541213185653397,0.989290307101,0.9903521053263947,0.001061705287184873,0.9897086302444824,0.9909995524767138,0.4308062949659386,0.09306698733743494,9.144062552447757,5.0,4.0,1.0,0.00035862431535920266,0.0012265795712940943,-0.0017457497333954741,-0.803892111888923,8.571805157630767,198.05554645799566,0,True,eclipsing_binary,TIC_427654774.csv,0.275946,3453.0,0.7024752653410655,480.24664320245324,0.0829726711139947,Success
,,,,,,,,,,,,,,,,,,,,,,,198.31887966697104,0,True,eclipsing_binary,TIC_380517859.csv,,,,,,Required feature(s) not computable: ['transit_shape_ratio']
7.966775075623565,6.759566617411378,0.001360544,2.7935249735863383,0.013016576624169884,1902.4040277497636,0.011345370508777892,0.9993304056837756,0.9992153435701813,0.00014590354062790783,0.9990783569833959,0.9994037001270112,0.7767214608778634,0.023270891758728623,5.385498796539622,9.0,7.0,2.0,1.2059604260385436e-06,0.00043094085350348576,2.541560475721738e-05,-0.15787663187076853,88.08265934643524,60.381369124981575,0,True,eclipsing_binary,TIC_135083444.csv,1.16271,6071.0,10.351866675355886,5118.994499991203,0.0174891965186156,Success
13.804719076559675,10.865296791111797,8.0032e-05,4.207656337176208,0.026852880661740297,2800.786488622382,0.06976492552707735,0.9948972708463001,0.9950748031337311,0.0002324517596337595,0.9954635757075244,0.9946899182856758,1.1851139953206706,0.06424042499123744,21.120876039902264,6.0,4.0,2.0,1.0550169729421328e-05,0.00043816890297336097,-0.0004923681808977065,0.321580866775709,14.260708562788588,43.53526258398779,0,True,eclipsing_binary,TIC_16187321.csv,1.42,6702.0,6.459522568200924,3023.455870114766,0.0467053038761432,Success
,,,,,,,,,,,,,,,,,,,,,,,38.861432250007056,0,True,eclipsing_binary,TIC_345996087.csv,,,,,,Required feature(s) not computable: ['FAP']
9.525909563579123,8.857618496623337,8.0032e-05,1.5012681934721877,0.00921868597113873,2392.088094433869,0.09205515298856676,0.9990507743109006,0.999075339612896,5.1542291721026285e-05,0.9991662004261426,0.9989844787996495,1.2487455219299994,0.027707152074132935,17.948314298619856,18.0,14.0,4.0,2.446995589533753e-06,0.00027690546270060123,0.0006205113230242087,0.2010156140277951,10.852741447673035,76.46523283305578,0,True,eclipsing_binary,TIC_287190564.csv,1.0,5778.0,2.774890118090694,2391.763580702588,0.0744900286808703,Success
13.834673195325042,13.177330566014886,8.0032e-05,2.0261310222973843,0.012046068120083797,2474.7176285641785,0.07867115174582626,0.9990635561995077,0.9991559372145803,5.193568717694317e-05,0.9992052172605497,0.9991105096803481,0.6439603344385061,0.027519973176733686,16.64153570276766,12.0,11.0,1.0,1.5222969313408982e-06,0.0001344949200600154,0.00017558871460732206,0.4156057339494167,12.699236429476972,33.57167900004424,0,True,eclipsing_binary,TIC_240148934.csv,1.48,6582.0,4.263652686729232,535.3468307337516,0.020525878962939,Success
16.94204042896462,13.977168260930151,8.0032e-05,0.5765965726212569,0.001229400875039699,1930.5219076409626,0.027627759897957193,0.9969456780895715,0.9970726442467921,0.00025036524244673414,0.995879562387341,0.9983982907572932,6.125825902556567,0.04970093404614323,15.267805445759373,43.0,30.0,13.0,1.446676512123915e-06,0.0015512196150651023,0.0016973004417449866,-1.76390565179757,36.084926239831915,5.999294750043191,0,True,eclipsing_binary,TIC_373729723.csv,0.83,5268.9,1.153275507707345,5040.255752331802,0.0512675439625424,Success
15.152735462206717,13.793174405756131,8.0032e-05,2.4255894009166767,0.015141355872080986,2257.527256637306,0.062433039684296164,0.9962545823551111,0.9963876737318429,8.211790567297375e-05,0.9965239418132317,0.9962497834113899,1.188983429487738,0.05503731934155126,41.46498577365496,10.0,8.0,2.0,2.540929268666355e-06,0.0003231355262129823,-0.00023244797427279806,0.6351291043349676,15.957169271155957,59.472781499964185,0,True,eclipsing_binary,TIC_141227133.csv,1.0,5778.0,2.496026095624849,291.404697762454,0.0106525733609468,Success
12.21575648667263,10.217880696711754,8.0032e-05,4.707231755584532,0.03932653512463835,1354.301274071616,0.020706864188094847,0.9984314766003897,0.9982618727562677,0.0002706051512081248,0.9989859514608239,0.9973115194565375,2.6266250388103525,0.03561661549663102,11.465908131200703,6.0,5.0,1.0,8.248784698048389e-07,0.001480359156610142,-0.00018255681529399936,0.0373305786454918,48.2174156130519,82.52381095802411,0,True,eclipsing_binary,TIC_9033144.csv,1.2,5756.9,1.2537950931970157,903.4473953619671,0.0168379977061739,Success
,,,,,,,,,,,,,,,,,,,,,,,30.681331083062105,0,True,eclipsing_binary,TIC_407394748.csv,,,,,,Required feature(s) not computable: ['transit_shape_ratio']
7.527158159155811,6.4860649955665055,0.003921569,3.432746231476961,0.04038066657325645,1658.6313641782403,0.0761416218636351,0.9963466862296366,0.9966092787864623,0.00024192426893747084,0.9967283744512772,0.9963743355204187,0.49727698414665766,0.05435639347658544,20.666607010896843,7.0,6.0,1.0,8.850264607144093e-06,0.0007560172778961032,-0.0004367702328127443,0.3128662380918069,13.085440812044055,17.645061666960828,0,True,eclipsing_binary,TIC_220435095.csv,2.6126101,5620.9,5.145552372932773,2057.316624556438,0.0580643794101323,Success
,,,,,,,,,,,,,,,,,,,,,,,21.731265083071776,0,True,eclipsing_binary,TIC_302814895.csv,,,,,,Required feature(s) not computable: ['transit_shape_ratio']
9.316897069363419,8.343836322853974,8.0032e-05,8.99512609000692,0.05268517229425029,1691.9665318736627,0.09416013737350858,0.9993832452991136,0.9994670067060377,4.4318606842566837e-05,0.9994693287526012,0.9994623972703222,0.05569226350467868,0.022333838996954316,11.5293824601772,3.0,3.0,0.0,4.246852020431948e-07,4.01061297866406e-06,5.263009751577119e-05,0.9700999029592551,10.613655344775276,43.10392104194034,0,True,eclipsing_binary,TIC_341815767.csv,1.0,5778.0,8.997618677680618,715.3281459003624,0.0989643642846172,Success
,,,,,,,,,,,,,,,,,,,,,,,74.15413229202386,0,True,eclipsing_binary,TIC_341729521.csv,,,,,,Required feature(s) not computable: ['transit_shape_ratio']
9.508559434755837,8.746713025356412,8.0032e-05,1.6444604179988507,0.006863203133878337,2911.714780444389,0.038124188283464366,0.9989850951825464,0.9990789845837074,0.000141707319159156,0.9990077972694011,0.9991412734837253,0.3321564667377496,0.028649681867615726,6.472549614575924,16.0,15.0,1.0,8.497951717699815e-06,0.0004435254345837549,0.00023011869057687484,-0.2582245898422836,26.203445638102593,66.69997587497346,0,True,eclipsing_binary,TIC_115564354.csv,0.79,5627.0,9.677895084725508,4443.975694680357,0.0068767347034609,Success
23.15095539764974,22.93788262222238,8.0032e-05,0.737612887172985,0.0016493606379002768,1411.4665744660576,0.01723858918696336,0.9958412109658059,0.9960981938939626,0.00016810937658516946,0.9960000527735358,0.996201211591802,0.4229914344734966,0.057995005228075186,24.84595106335476,34.0,27.0,7.0,8.15616873742285e-06,0.0009118350105820361,0.001016470828542837,0.5664455837644079,57.768138689615526,95.57280924997758,0,True,eclipsing_binary,TIC_294780517.csv,0.835807,5107.98,0.7374522972735553,6439.519228413237,0.0276560599157578,Success
19.36693192265014,19.35630281974946,8.0032e-05,0.810249325159552,-5.855636468117309,2229.1358327993703,0.025851332970220377,0.995225220683435,0.995689960184376,9.153952928911637e-05,0.9957925867524484,0.9955770709594963,0.8326776884131143,0.062141795695585963,75.23260028652335,31.0,29.0,2.0,1.5222369373442167e-06,0.0002798952534698015,0.0008967405191707689,0.519982970309646,38.49802336420685,42.46747704199515,0,True,eclipsing_binary,TIC_143994283.csv,1.22,6022.6,0.8105652402201248,11271.567117428827,0.0354016648772207,Success
14.983384916374735,14.97072031821255,8.0032e-05,1.939690425972913,0.007742755633171172,4101.771526316043,0.022157605795961495,0.9911669202067914,0.992220026421596,0.0007442211418520611,0.9919608865763614,0.9924791662668303,0.2465788131505975,0.0845207269417238,12.341452626939333,13.0,12.0,1.0,7.41444667699411e-05,0.0017007179865674775,0.0008602759636194834,-0.08040624890808369,44.73258209095155,55.531325041898526,0,True,eclipsing_binary,TIC_234282389.csv,1.0,5778.0,1.9409831329675848,24592.052973754442,0.0183660170814084,Success
10.7172351425484,9.00826134582957,8.0032e-05,3.7875289176763194,0.0201793057223143,2281.718279525419,0.10546486138515766,0.9979511556633133,0.998114768292813,6.53250235476268e-05,0.9982876214795467,0.9977690619193458,2.6937906113764316,0.04070629997058676,27.155379205649098,7.0,6.0,1.0,2.1668041248414644e-06,0.0002707378187706947,-0.00017665279057776928,0.5826572305122667,9.462404279078278,37.58286533295177,0,True,eclipsing_binary,TIC_457939414.csv,1.10456,5579.5,1.3752257283783758,4993.269863187599,0.0118007524202706,Success
,,,,,,,,,,,,,,,,,,,,,,,128.70989795902278,0,True,eclipsing_binary,TIC_42015200.csv,,,,,,Required feature(s) not computable: ['transit_shape_ratio']
12.188123517528272,11.374142882594954,8.0032e-05,3.2617422628078208,0.015110178251592998,1354.548515853444,0.07574047885430031,0.9981082051418431,0.9983614363380958,9.589961572421846e-05,0.9983934694458388,0.9983294032303532,0.2367326050247836,0.03911507499078101,13.984733225777598,9.0,8.0,1.0,3.6977458391397254e-07,0.0001807796911425398,0.0002616471237533169,-2.7877337709513412,13.17800230787917,3.2528787910705432,0,True,eclipsing_binary,TIC_9102327.csv,1.13,5963.0,2.711996884037204,7814.710143548953,0.0234503858040401,Success
17.858600481018115,16.3056817449702,8.0032e-05,3.066353450916205,0.011945118050267656,2393.584646286639,0.03132068318318421,0.9991779714150083,0.9993104895332174,7.376044588636537e-05,0.9995786028557843,0.9989708793246327,2.997544369432562,0.02578401865714564,15.42251633479083,9.0,9.0,0.0,4.1432250551912627e-07,0.0003359050575058568,5.791301809954241e-05,-0.7298772252979016,31.90153821266127,54.471595208044164,0,True,eclipsing_binary,TIC_459903429.csv,1.0,5778.0,6.133772557916893,5133.880398149216,0.0215841981762798,Success
20.649367386542288,19.395750738643258,8.0032e-05,1.0326137794848351,0.0025258130473002627,1683.954188289014,0.05620383940938334,0.9890424640422217,0.9897149891535579,0.0007414569320236037,0.9896838221462614,0.9897496861257691,0.031486468654259074,0.09413770342351235,13.58802059302232,26.0,19.0,7.0,0.0004337667980283409,0.0035046465649370053,0.00812345427272243,0.3785871329423228,17.597418155690967,726.7268771668896,0,True,eclipsing_binary,TIC_274762761.csv,0.156193,2972.0,1.6144134554513696,2647.6309463999705,0.0268148914749348,Success
10.289728869860044,9.993273895175623,8.0032e-05,1.8753540165802123,0.013121632822055806,2229.295727242342,0.07851095928999405,0.9978640110726474,0.9981543474975817,5.184075842805402e-05,0.9973084753794168,0.9990179807100912,14.567249185871015,0.04156297685436383,50.121683017125775,14.0,14.0,0.0,1.0852830846293106e-06,0.0008575910426990782,0.0006560934831991716,-2.8032489569462737,12.709869043719884,19.167464917059988,0,True,eclipsing_binary,TIC_93963408.csv,1.87739,10393.0,3.749636802611878,4582.944379786014,0.1011777023992315,Success
5.873224304778603,5.819872222367102,0.069467787,2.8043667934018273,0.0216383282492707,2797.988264909576,0.06531778046451799,0.9974591649341998,0.9976959443854893,8.905518737683099e-05,0.9975928327776518,0.9978248338952859,0.9215976115161352,0.04533100880706143,30.952693937364096,10.0,9.0,1.0,2.423105037985337e-06,0.00047721879619748783,0.00034848722125846443,0.3708314350057823,15.270867409158843,19.56472758296877,0,True,eclipsing_binary,TIC_35377903.csv,1.9654,6106.0,0.7000027248291987,3894.8813513548507,0.0728597308921048,Success
,,,,,,,,,,,,,,,,,,,,,,,2.1529197089839727,0,True,eclipsing_binary,TIC_383666033.csv,,,,,,"Required feature(s) not computable: ['FAP', 'transit_shape_ratio']"
20.94765525060878,17.47710796156674,8.0032e-05,0.3643790887886329,0.0005718235759016865,2447.8392877624137,0.012073515596332367,0.9798271201035652,0.9777054380050737,0.002113814587712283,0.9790962628808477,0.9763335789230604,0.46228735171157825,0.12772946651513753,10.437823390083825,66.0,51.0,15.0,0.001994672067721104,0.01434318976265671,0.007711962330247735,-0.05436952246018495,81.15507966885902,161.19169424998108,0,True,eclipsing_binary,TIC_369480087.csv,0.347331,3473.0,1.1059502688102083,2607.8709895007714,0.0795383832767632,Success
,,,,,,,,,,,,,,,,,,,,,,,30.589638540986925,0,True,eclipsing_binary,TIC_300557619.csv,,,,,,"Required feature(s) not computable: ['FAP', 'transit_shape_ratio']"
,,,,,,,,,,,,,,,,,,,,,,,17.760881542111747,0,True,eclipsing_binary,TIC_259129875.csv,,,,,,Required feature(s) not computable: ['FAP']
,,,,,,,,,,,,,,,,,,,,,,,6.281413624994457,0,True,eclipsing_binary,TIC_98494121.csv,,,,,,Required feature(s) not computable: ['transit_shape_ratio']
14.44210530061719,14.028461272820136,8.0032e-05,1.3440368319118847,0.0055344189620839535,1386.2743135419253,0.0363435948028107,0.9969933160596671,0.9973140869169422,9.698082723691888e-05,0.9962768038263454,0.9986904817871572,11.799362149631609,0.04931182045660264,41.62652883793819,15.0,14.0,1.0,1.559759424844393e-06,0.0012234663106508877,0.0004659441504539785,-0.16700495046365713,27.432435384255463,36.48398779099807,0,True,eclipsing_binary,TIC_72668830.csv,1.0,5778.0,2.687465314191758,4530.9722657586035,0.0451226963571047,Success
,,,,,,,,,,,,,,,,,,,,,,,13.16607249993831,0,True,eclipsing_binary,TIC_387079085.csv,,,,,,Required feature(s) not computable: ['FAP']
,,,,,,,,,,,,,,,,,,,,,,,33.223221000051126,0,True,eclipsing_binary,TIC_118308828.csv,,,,,,Required feature(s) not computable: ['transit_shape_ratio']
8.684919487403102,8.66789687875002,0.000320128,2.574865629979498,0.02381796529362612,2255.741445174767,0.08793534825949743,0.9970413711883469,0.9970943444460993,3.9760195091955014e-05,0.9970720389414472,0.9971166499507514,0.39698820089061376,0.04891616349862734,77.00571197153297,10.0,8.0,2.0,7.276218519040444e-07,0.00010408950299003005,0.0006394607177633294,0.934101394194385,11.338345624629532,13.58930266695097,0,True,eclipsing_binary,TIC_90544017.csv,2.17,8904.0,1.2858092074439187,3746.6147560527575,0.1105029419750838,Success
,,,,,,,,,,,,,,,,,,,,,,,62.98735108389519,0,True,eclipsing_binary,TIC_224601047.csv,,,,,,"Required feature(s) not computable: ['depth_mean_odd', 'odd_even_mismatch']"
19.234003848835876,18.289717534451118,8.0032e-05,2.317527334042376,0.008063635655654933,2855.2126940196868,0.055184016269910124,0.9911774929423888,0.9921068743252914,0.0003431055339233069,0.9921438223274828,0.9920759808276607,0.07076521261328804,0.0844701283463159,24.28419203324611,12.0,11.0,1.0,4.6232729616870956e-05,0.0010895780062672594,0.0001696832210520416,0.4644869091978203,17.961314886804324,64.36636254098266,0,True,eclipsing_binary,TIC_2016376984.csv,1.0,5778.0,1.0466423541947334,1540.0898391217943,0.0514895592578395,Success
,,,,,,,,,,,,,,,,,,,,,,,56.19538379192818,0,True,eclipsing_binary,TIC_390048041.csv,,,,,,Required feature(s) not computable: ['transit_shape_ratio']
,,,,,,,,,,,,,,,,,,,,,,,36.73373570793774,0,True,eclipsing_binary,TIC_462715015.csv,,,,,,Required feature(s) not computable: ['transit_shape_ratio']
11.915850037572381,9.589951438131155,8.0032e-05,3.6857780287331434,0.027423648086550623,2666.684777160206,0.08190339684884036,0.9929151696568416,0.9940661889490618,0.0005476917641646867,0.9938990213962918,0.9941776339842421,0.17711330385285076,0.07569581586870824,10.442158622237844,7.0,5.0,2.0,9.470171134025866e-05,0.0007989725378886249,-0.0005013819834260858,-0.6015681786416167,12.123003536585307,34.70308666699566,0,True,eclipsing_binary,TIC_162577466.csv,1.11792,5801.0,2.524403569218626,259.91778389156116,0.0520633185479009,Success
,,,,,,,,,,,,,,,,,,,,,,,57.2691329580266,0,True,eclipsing_binary,TIC_402740809.csv,,,,,,Required feature(s) not computable: ['FAP']
15.519746895257915,14.314649365842003,8.0032e-05,1.612456228982125,0.009398631101238508,1765.2169407290398,0.01937905440477305,0.9830670361428491,0.9838109881535498,0.003325848616551737,0.9867058690817438,0.9789861866065598,0.9652304728115456,0.117023649402464,46.96169974451428,14.0,8.0,6.0,2.1187459911692e-06,0.009406920439854522,0.00021932739691643555,-0.0029338952974723195,50.7283284111489,1.6333982079522684,0,True,eclipsing_binary,TIC_191146556.csv,1.49,6116.5,1.6131886297519364,35937.39638317117,0.0258615187372383,Success
20.583300796187714,20.226787537986667,8.0032e-05,1.0361435850637646,0.002161319721612598,1492.4135780757692,0.024081747666062234,0.9966305770783713,0.996993532132284,4.72957428550218e-05,0.9970613804226502,0.9969121141838448,1.1280640928412815,0.052201731655829094,63.402316813976256,23.0,22.0,1.0,8.449474211148623e-07,0.0001931775513745596,0.000330655999824625,0.5611429587762456,41.38530935954022,204.86204549996182,0,True,eclipsing_binary,TIC_143526444.csv,4.16,5370.0,0.5180457437008341,3982.1091116052366,0.0290290917397155,Success
17.78434063595568,17.75700397531791,8.0032e-05,1.138271444218492,0.003378002329159524,2390.9885778123826,0.024176093858362557,0.9830790411671879,0.9851958565342418,0.000572086778557586,0.9854049660884787,0.9849897342593511,0.2566373941365957,0.11698215870822684,88.18063243986742,25.0,24.0,1.0,1.458312442462768e-05,0.0013157073376542734,0.0003858901768925005,0.06949234855494195,40.663270374719325,92.15921241708566,0,True,eclipsing_binary,TIC_293567206.csv,1.06,5829.0,0.5694788904605788,34743.091621886044,0.0218267357739965,Success
,,,,,,,,,,,,,,,,,,,,,,,38.62220745894592,0,True,eclipsing_binary,TIC_160268701.csv,,,,,,Required feature(s) not computable: ['transit_shape_ratio']
34.14806955311681,33.49177160931246,8.0032e-05,1.1802623116686821,0.0020298056372949347,1791.7738478856868,0.026208661979533792,0.9936826663203164,0.9942809008876379,0.00046840450961376754,0.994214056054003,0.9943410612379093,0.09589255044476841,0.07147827371617256,56.26858497370864,19.0,16.0,3.0,2.5281117713101157e-07,0.001485575993552227,7.517253037081506e-05,0.3579933246827077,37.91428448717748,13.294475167058408,0,True,eclipsing_binary,TIC_201154493.csv,4.35,9447.0,1.1808693563867456,12810.864492182383,0.0352521552207659,Success
,,,,,,,,,,,,,,,,,,,,,,,123.52092708298005,0,True,eclipsing_binary,TIC_172630205.csv,,,,,,Required feature(s) not computable: ['FAP']
7.147765036698672,6.206073616213385,0.007442977,12.8153790744099,0.0844581172798673,1684.561789244101,0.035176025446462096,0.9965717544143651,0.9970219158339717,0.00037944127524895774,0.997021248607946,0.9970231219733263,0.0018864492966592609,0.05265542343749831,10.918299776520387,3.0,3.0,0.0,5.416386137920237e-06,0.0022812391637055344,6.918561068902651e-05,-0.5001847368011062,28.330993674403242,76.38722695806064,0,True,eclipsing_binary,TIC_362220495.csv,1.0,5778.0,1.7979012550191578,709.4798451148243,0.0780466049611782,Success
9.356762712689957,9.240765629908529,8.0032e-05,1.6242747783571738,0.008013444044607354,2912.3091796723247,0.025910150039422455,0.9977678613693856,0.998032197723875,8.234370608295696e-05,0.9977258515954551,0.998366184104483,2.827628715991082,0.04248814090436803,24.710018168722762,16.0,15.0,1.0,1.765376127758545e-06,0.0005429759236304797,0.0002529953531991147,0.18180201423742254,38.50876432020947,53.958149374928325,0,True,eclipsing_binary,TIC_470315428.csv,1.4,5562.6,0.8121085505566633,2291.6390497204065,0.0309791681426712,Success
10.639683470031166,9.565208928763749,8.0032e-05,2.269549898859273,0.017231697521930434,1355.2723955739655,0.06850432078766211,0.9990332535173521,0.9990554191416222,0.00018772585854935276,0.9990532577832201,0.9990580127717046,0.008877172514654235,0.027961691970292524,19.800006373381986,12.0,12.0,0.0,1.083877448480523e-07,0.0002273113561502691,3.274125540664308e-05,9.536868237565356,14.583507171963404,1.6138370420085266,0,True,eclipsing_binary,TIC_434100688.csv,2.09,6290.0,2.2750711272173376,2776.328880302992,0.0269929328639689,Success
,,,,,,,,,,,,,,,,,,,,,,,82.69236224994529,0,True,eclipsing_binary,TIC_841226527.csv,,,,,,"Required feature(s) not computable: ['period_uncertainty', 'depth_mean_odd', 'odd_even_mismatch', 'depth_consistency_std']"
,,,,,,,,,,,,,,,,,,,,,,,164.9764925830532,0,True,eclipsing_binary,TIC_42123111.csv,,,,,,Required feature(s) not computable: ['transit_shape_ratio']
6.007845283875752,5.7051298933920345,0.056342537,8.792473176022032,0.04359466957118219,2014.3464717157185,0.041188836447562514,0.9985289825470869,0.9987624772672322,0.0002022719298529338,0.9992469473032701,0.997776831331845,2.4928895113811644,0.03449181591397417,6.485158288791936,3.0,3.0,0.0,3.202970176603822e-06,0.0006972608300469822,2.0154162801766518e-05,-0.08739822978307396,24.242709157815458,81.9342654159991,0,True,eclipsing_binary,TIC_149282072.csv,0.79,5025.0,6.196258195313587,159.94988083178896,0.0213162126989043,Success
,,,,,,,,,,,,,,,,,,,,,,,42.22710058395751,0,True,eclipsing_binary,TIC_367099243.csv,,,,,,Required feature(s) not computable: ['transit_shape_ratio']
10.842606504382022,4.506781329328259,8.0032e-05,1.370149918738543,0.008161166980583556,1765.4760630529245,0.14485418959194404,0.9985736211720102,0.9987136113658869,0.00010753946790373246,0.9990947091739156,0.9982689972565199,2.914651417242671,0.0339644501962971,12.357944322152987,17.0,15.0,2.0,1.2002509389571073e-06,0.0008243117549831738,0.0011908138716563155,-2.1340448030163626,6.893646804314075,12.118766208994202,0,True,eclipsing_binary,TIC_270238522.csv,3.64,7339.8,0.8754316518773206,149.64621191559945,0.0426513545349301,Success
8.709738062052049,8.098139722966353,0.000240096,2.322581007096375,0.0184826628865713,3397.0571107738538,0.027415874314130544,0.999153938118274,0.99916924324185,9.70582744966674e-05,0.9991792672836679,0.9991592192000318,0.07312566726797798,0.026158221400658828,8.906349948202125,12.0,8.0,4.0,1.3755388055682418e-06,0.00016081650447622735,3.907175076356406e-05,0.44974498560537796,36.44435799019167,17.398776749963872,0,True,eclipsing_binary,TIC_67309890.csv,2.23,5843.7,9.053935504870328,251.39010937824668,0.0854334593806874,Success
,,,,,,,,,,,,,,,,,,,,,,,24.6053393749753,0,True,eclipsing_binary,TIC_293075732.csv,,,,,,Required feature(s) not computable: ['transit_shape_ratio']
,,,,,,,,,,,,,,,,,,,,,,,15.690493499976583,0,True,eclipsing_binary,TIC_374177909.csv,,,,,,"Required feature(s) not computable: ['snr', 'transit_shape_ratio']"
8.565524049172799,7.799273354538362,0.000480192,3.8692987398698615,0.03322790676410703,3860.7648900688887,0.07907555405586078,0.9976639111937106,0.997856058029783,0.00026592458674669757,0.9976457289534824,0.9979962774139836,0.4698870107130469,0.04346621472001654,7.962433983160686,6.0,5.0,1.0,2.05690988400975e-05,0.0008147455088465933,6.284065193817856e-05,0.28224077346890225,12.61659084284048,49.97070608404465,0,True,eclipsing_binary,TIC_369861731.csv,1.15,5617.0,0.6831771263485323,3226.733834075235,0.060329673451084,Success
14.852232731149929,13.66191561409759,8.0032e-05,4.899005933575581,0.02792148997106203,2423.916231720117,0.037425673549893596,0.9964484672785163,0.9967050085402918,0.0001858081188137953,0.9969566680650818,0.9964058660862959,1.0847527752696264,0.05359386241445863,35.06828948559201,5.0,5.0,0.0,9.986903656776354e-07,0.0005193212359368028,0.00016445996404634844,0.013761310339502368,26.624730372590697,62.84778066701256,0,True,eclipsing_binary,TIC_186000935.csv,1.18,5992.0,4.902426188003508,6273.406844454988,0.0404068838014762,Success
,,,,,,,,,,,,,,,,,,,,,,,3.7634400411043316,0,True,eclipsing_binary,TIC_243283955.csv,,,,,,Required feature(s) not computable: ['FAP']
9.06047924855903,8.775028168448323,8.0032e-05,2.155950802064894,0.027949061020604793,1739.5686681841064,0.16469326166033746,0.996546994479675,0.9969249845235868,0.00018192604958457566,0.9968038139729644,0.9971126034406799,0.6348633836213823,0.05284522887227242,18.6424476561995,11.0,10.0,1.0,2.1524468911623524e-06,0.0006166519169701656,0.002249387973984218,1.790137433262883,6.050927551213045,1.82503937499132,0,True,eclipsing_binary,TIC_329145325.csv,1.58,7274.0,10.72655174954281,4840.470618147408,0.0575058483904154,Success
11.542736059607051,8.568890959758617,8.0032e-05,5.383473766985628,0.038609339329671144,1522.4994762045317,0.04299007982785683,0.9964067959103974,0.9965595330712699,0.0001638234737270728,0.9962849946776838,0.9966968022680629,0.8722465845948109,0.05390736320268427,29.80910054535448,4.0,3.0,1.0,1.2030593905516645e-06,0.00031656143215540335,0.00021832539200605794,0.07694206989360183,23.177598178469605,34.37682508304715,0,True,eclipsing_binary,TIC_126733133.csv,1.31,5973.0,5.390355041809414,8924.366093616021,0.0705594615391408,Success
,,,,,,,,,,,,,,,,,,,,,,,25.229919582954608,0,True,eclipsing_binary,TIC_182470056.csv,,,,,,Required feature(s) not computable: ['FAP']
14.472542411900791,13.221515637750883,8.0032e-05,1.7218214293376568,0.011037553558617241,3098.842051792254,0.0863074864369331,0.9955005417435687,0.9956831611461727,0.0002821171737279965,0.9954138817436842,0.9960062964291594,0.7383574094353058,0.06032360122612703,15.075500314331684,14.0,11.0,3.0,5.5714737333877286e-05,0.0009483245831883226,0.0015340013338648317,0.5468055355297213,11.534347515392007,39.5167394579621,0,True,eclipsing_binary,TIC_255918903.csv,1.13,5878.0,5.246488766142609,148.49117152637703,0.0162961952209937,Success
23.41916733379501,21.85008588333466,8.0032e-05,1.1899291181161162,0.003998485141016417,2282.6704668982816,0.0809461115461893,0.9915143540665958,0.9921918284130065,6.208655404339675e-05,0.9921871055931403,0.9921965792892284,0.053947637986185785,0.08284181401104532,185.9256056453165,20.0,18.0,2.0,1.877062862701977e-06,5.4842189602933845e-05,0.006508649195372196,0.9570155312371748,12.249067127836277,200.1866150420392,0,True,eclipsing_binary,TIC_375225453.csv,2.8908899,6553.0,1.1898629896806263,13429.976873301386,0.1090984406511608,Success
,,,,,,,,,,,,,,,,,,,,,,,5.04731112497393,0,True,eclipsing_binary,TIC_9102327.csv,,,,,,Required feature(s) not computable: ['transit_shape_ratio']
6.52810482208314,6.42419999401519,0.021528611,1.6379420822397932,0.009793130336181344,2989.6152682587795,0.12127149479806641,0.9990034650692806,0.9991223756089403,0.0001588592575671728,0.9990543006720272,0.9992311085745366,0.3845627887185261,0.02838921670668815,5.517125589641048,15.0,13.0,2.0,2.866596077602951e-05,0.00047233257950726905,0.0006188264252453557,0.347237538440537,8.237743475766978,33.67952779203188,0,True,eclipsing_binary,TIC_29336129.csv,1.6787,6361.0,0.6921485422441555,927.5814514816406,0.0228750044433419,Success
7.37346052364937,6.644975224393722,0.004881953,8.394318599971767,0.047195808027439945,1331.3263573250197,0.0882737944416814,0.9992017187733897,0.9992720991452324,8.362096829633676e-05,0.9995274801471257,0.9989009986268558,2.814754600352161,0.025408855582671926,10.27050462098117,3.0,3.0,0.0,7.869754122183019e-07,0.00044680466188844946,5.11844954098617e-06,9.362699770149247,11.31934709607978,69.41919683408923,0,True,eclipsing_binary,TIC_308919449.csv,1.02,5614.1,9.08026260649765,266.12209523280137,0.0329589623184821,Success
21.687794192954506,21.604236038641478,8.0032e-05,0.7999154443611293,0.0020138713884870763,1325.4390885791308,0.01635750154022122,0.9982356676821867,0.9982841459696465,8.448785545494576e-05,0.9976263106842629,0.9991263427362842,7.664998276227072,0.03777437970412579,46.870486037111064,35.0,31.0,4.0,5.215721241262665e-07,0.0007648919408745836,0.00014693239290164417,-1.5630537603248895,61.0261698724368,79.06429262505844,0,True,eclipsing_binary,TIC_149539158.csv,1.0,5778.0,1.5994987175694553,4852.430825668775,0.014536753264085,Success
7.131089044918087,6.794852121574846,0.007683073,3.354829584598943,0.03337194449343328,2825.613033962717,0.10896311160003726,0.9997208172003164,0.9997649699489588,2.0297871150661708e-05,0.9997790641101535,0.9997474752917299,0.5469778701429298,0.01502627995360612,11.474846655317199,9.0,9.0,0.0,2.9591835173560033e-07,7.000893975026788e-05,2.694966838800994e-06,0.7707692721299446,9.17485562334083,15.11246533296071,0,True,eclipsing_binary,TIC_275501623.csv,2.45,10445.0,2.697028686651044,91.18947683162126,0.0354180979206894,Success
9.3452775837759,9.21967768543546,8.0032e-05,4.503654674295871,0.04163907437888037,2283.3464659179776,0.04226805533350856,0.997372249666936,0.9977789567110387,7.599364152827263e-05,0.997738128179729,0.9978211461933922,0.38849332916507595,0.04609981650576789,38.011237023772715,6.0,6.0,0.0,6.089816201658728e-07,0.00014210129442274278,9.032188113722306e-05,0.01631079559961526,23.596359988585895,33.42016220802907,0,True,eclipsing_binary,TIC_302659412.csv,1.79,5844.8,2.2508678614493025,2951.974445350225,0.0473811793192806,Success
,,,,,,,,,,,,,,,,,,,,,,,14.598661291995086,0,True,eclipsing_binary,TIC_151930063.csv,,,,,,Required feature(s) not computable: ['transit_shape_ratio']
7.001300682387425,6.3309010311129,0.009443778,0.7528842247898245,0.003450430149292638,2202.3368623311308,0.08479223295665657,0.999511891729012,0.9995688962374703,3.757648918764715e-05,0.9995612608733895,0.9995765237864392,0.1436408408836092,0.01986850684277866,10.742488122341882,34.0,32.0,2.0,3.1472243019253217e-06,0.0003122990822590293,0.0004466255973043509,1.174943804322785,11.787776508255593,36.996537334052846,0,True,eclipsing_binary,TIC_179159972.csv,1.15,5947.5,6.949357167488499,185.48456699196691,0.0438450283422051,Success
,,,,,,,,,,,,,,,,,,,,,,,30.235937457997352,0,True,eclipsing_binary,TIC_387413037.csv,,,,,,Required feature(s) not computable: ['FAP']
5.894822724902692,4.272746983278184,0.067386955,2.194544644195484,0.02609922312777546,1325.535433893515,0.11311888590475914,0.9993736332295514,0.999439205460464,5.686826508067693e-05,0.9994483165118017,0.9994303049586323,0.11195744152987365,0.02250720163859318,9.9243897368061,13.0,12.0,1.0,3.010788640627423e-06,0.0002587821295798492,0.00026468607152418944,0.67099550003938,8.834719554000715,16.686807874939404,0,True,eclipsing_binary,TIC_30312676.csv,2.23767,8747.0,2.479833618847422,5981.747075884392,0.0020708854642532,Success
23.05666237083506,22.80536636308758,8.0032e-05,2.0543580037612554,0.007002593987873951,2392.337932026808,0.028859561218918785,0.987193342868883,0.988490245391797,0.0002981475807958395,0.9881453635889337,0.9888378862490834,0.825897169772408,0.10177123343455573,144.01409071759318,13.0,12.0,1.0,1.734545569233028e-06,0.0013783003929806548,0.0001545345329340142,0.054294953284620265,34.20680360939556,100.76069174997974,0,True,eclipsing_binary,TIC_350995812.csv,1.0,5778.0,2.054621353908568,25780.07709718877,0.0346690943793379,Success
27.615406013089576,27.006822407517486,8.0032e-05,0.4916873112871707,0.0010442559243642735,3533.4457916866636,0.023957456872756466,0.9768932462200818,0.9796405617122148,0.00097356642055759,0.9801144004170023,0.9791667230074269,0.3446026119765345,0.13670254979154142,21.459948607920072,53.0,52.0,1.0,0.0007978335795888525,0.006480499735800582,0.010135371095702395,-0.026170163832836175,40.77616632719346,171.92716329195537,0,True,eclipsing_binary,TIC_86005116.csv,0.46,3522.0,6.556386506896822,555.3933914695941,0.0126712525563794,Success
13.724289289234102,13.68829955735721,8.0032e-05,1.1553040882761965,0.004147462253445422,1739.4405926385973,0.01990581881490198,0.9968100635766575,0.996902177871388,0.00021303822600607757,0.9969600953041029,0.9968361519980927,0.20548979526289507,0.050792332909389705,50.64940886023459,19.0,15.0,4.0,9.852134684729885e-07,0.0005192530420358267,0.00010944296988424362,0.1039255167369345,50.076315515864195,50.25094004208222,0,True,eclipsing_binary,TIC_387834907.csv,1.0,5778.0,0.5781281050658956,12063.67590953883,0.0159925376791957,Success
,,,,,,,,,,,,,,,,,,,,,,,24.330918207997456,0,True,eclipsing_binary,TIC_52041724.csv,,,,,,Required feature(s) not computable: ['transit_shape_ratio']
17.283547569964867,15.004110050427197,8.0032e-05,0.8784402636477703,0.0022949928414044973,1765.320179242706,0.028342272379076827,0.9989477519102992,0.9990310407615108,7.182920785779675e-05,0.999179153964353,0.9988601409120771,1.730551361334814,0.02917200100345451,12.098205082117142,26.0,20.0,6.0,1.796893007449976e-07,0.000353247199039728,0.00043722949149682666,1.0876675855541267,35.24585956092054,8.367628665990196,0,True,eclipsing_binary,TIC_427279997.csv,2.68,9714.0,0.877880411572252,1499.9906496011572,0.0458245279517876,Success
6.731819499221376,4.939587286126258,0.014805922,0.3024926018031073,0.0002981164824750471,1738.7222576618974,0.013106845150069284,0.9986374601246621,0.9988588405134905,0.0002875722964064131,0.9986532315754929,0.9990603017207506,0.5007309183311135,0.03319569436206282,4.040042050007021,80.0,73.0,7.0,5.490371716045841e-05,0.0025459075478928114,0.0003971278966239389,0.9511041051342356,76.19205450972946,115.22841404099017,0,True,eclipsing_binary,TIC_441738827.csv,0.466766,3630.0,2.489775996192185,2942.300141012377,0.009071680389308,Success
8.550958780192229,8.57024880466234,0.000480192,2.3241253436745235,0.02751458817213237,1683.7615276363567,0.08634340947302624,0.9955328085481919,0.995497138579669,0.00029539725438305263,0.9955586309178102,0.9954392634378889,0.14364078779763467,0.060106913800741575,21.50148400635245,12.0,8.0,4.0,1.6817073561393428e-06,0.0005965450953312532,0.0007394668638198709,0.9672199989565096,11.5299223718887,1.4235133329639211,0,True,eclipsing_binary,TIC_169177766.csv,2.1,9121.5,1.164956609208971,6032.188240479241,0.1214108431838469,Success
,,,,,,,,,,,,,,,,,,,,,,,64.28743916703388,0,True,eclipsing_binary,TIC_459978312.csv,,,,,,Required feature(s) not computable: ['FAP']
5.823345539016863,4.53118752189104,0.076030412,5.958715958751769,0.03394184771271069,1523.2235422217973,0.03891524033218006,0.9995994766019044,0.9996152030064414,7.241657554280233e-05,0.9997864534130786,0.999246355976761,2.801833740045,0.017997869268605516,5.755231041852171,4.0,3.0,1.0,3.644096582041415e-07,0.0002692299659297506,1.7063924741211878e-05,0.49910864296796165,25.686581094433297,51.069564084056765,0,True,eclipsing_binary,TIC_37575651.csv,1.0,5778.0,8.774514376016086,718.2765212450092,0.0406923499861448,Success
,,,,,,,,,,,,,,,,,,,,,,,63.92649366601836,0,True,eclipsing_binary,TIC_364075352.csv,,,,,,"Required feature(s) not computable: ['FAP', 'depth_mean_odd', 'odd_even_mismatch']"
,,,,,,,,,,,,,,,,,,,,,,,26.974202499957755,0,True,eclipsing_binary,TIC_48476907.csv,,,,,,Required feature(s) not computable: ['transit_shape_ratio']
11.20774895694807,11.043046272076744,8.0032e-05,1.6286239320072706,0.010657593070756977,2501.0667352301934,0.09306014864203227,0.9981292068436277,0.9983380292433418,6.235711492000494e-05,0.9983690555315244,0.9982966608590983,0.40805237728046084,0.03889735164784469,27.449037426154927,15.0,14.0,1.0,3.4534070660332586e-06,0.00024149104827173528,0.0010058517841340375,1.7981594109514052,10.725635209149074,78.96649812499527,0,True,eclipsing_binary,TIC_371210825.csv,0.89,4252.9,1.6306140712021615,2647.6309463999705,0.1023977834051611,Success
16.585992331277588,16.407770665623165,8.0032e-05,0.8822841696754592,0.0027650605586894694,1790.9790077420794,0.017422009249350986,0.991027207790495,0.9928350643866313,0.0009928057923364417,0.9934811149356771,0.9920598037277765,0.5174122711624249,0.08518653473077273,23.087535072386927,27.0,22.0,5.0,2.482344885652499e-06,0.004656671934818834,0.00011875367442937268,0.27312190134519687,56.883634580059315,4.9534477919805795,0,True,eclipsing_binary,TIC_54364414.csv,1.02,5825.0,0.4409246497787513,16933.13739649638,0.0201814827327659,Success
11.745783768824035,11.15209972591712,8.0032e-05,2.08763245107407,0.014980133016986086,1739.378273685109,0.10476571945841438,0.9992538050650986,0.9993445677309303,4.1677002171565066e-05,0.9993856598866947,0.9992808748894959,0.8697128545825146,0.024565934820427085,17.57349303097497,11.0,10.0,1.0,7.156789114687186e-08,0.0001680870764065023,0.00033475475857092096,0.6151086681757144,9.537984468877166,1.6971405000658706,0,True,eclipsing_binary,TIC_129539786.csv,1.7,6255.8,1.3930343233348128,124.35919915720905,0.0045631192259792,Success
26.332376273584515,25.585279618316413,8.0032e-05,0.7073801115320074,0.0016644969108230434,2282.255376384321,0.05761458527699357,0.986322062807504,0.9874181106788554,8.381002628812806e-05,0.9874200607305867,0.9874161987388846,0.016290445323602326,0.10517619362018732,222.78130336774612,34.0,31.0,3.0,3.919374714880388e-06,0.0003688110073626442,0.012010301866421713,0.9832125152085142,17.119312029507192,196.36270541592967,0,True,eclipsing_binary,TIC_375225453.csv,2.8908899,6553.0,0.7071393747988755,21453.197979841356,0.0799231817241993,Success
,,,,,,,,,,,,,,,,,,,,,,,22.089082124992274,0,True,eclipsing_binary,TIC_280212554.csv,,,,,,Required feature(s) not computable: ['FAP']
24.573536422266024,24.001133883159138,8.0032e-05,0.6219792852343478,0.0008908531273145726,1601.747289447326,0.017017971833248692,0.9988846245109196,0.9989098405416815,3.935126881142522e-05,0.998954953282967,0.9988650097550291,0.8097773324674308,0.030034312490778647,34.54674940469074,36.0,26.0,10.0,3.249231486937231e-07,0.0001928287550400971,0.00022248664451884892,1.0689157574136252,58.69586777428781,133.67588029196486,0,True,eclipsing_binary,TIC_461271719.csv,2.6298299,7313.0,0.6221994836228016,1472.0362707217882,0.0211314658821265,Success
10.777638468206707,10.533508413155152,8.0032e-05,4.262371576072494,0.03153926519993355,1817.7407345652339,0.03268308659292318,0.9956639132407499,0.996305290201508,0.00014098840809807786,0.9960677116213598,0.9965394748019398,1.1965817594387356,0.059218326272730284,53.44528488047629,6.0,6.0,0.0,6.392454016212127e-07,0.00043896335105644645,8.849995810800149e-05,0.04295797712368446,30.464194696235925,46.38269162492361,0,True,eclipsing_binary,TIC_142090065.csv,1.50581,7072.0,2.130290425726254,5542.566413750838,0.0368842296767301,Success
,,,,,,,,,,,,,,,,,,,,,,,55.73885887500364,0,True,eclipsing_binary,TIC_402740809.csv,,,,,,Required feature(s) not computable: ['FAP']
13.747592091366315,13.334391402501554,8.0032e-05,1.1073983456630836,0.004981242241745676,2308.9641994767744,0.08421093518062514,0.9994542005145124,0.9995060258998785,3.323946572149132e-05,0.9995008413817187,0.9995112018627278,0.11020598296662848,0.02100988657485097,14.947858563163049,22.0,20.0,2.0,1.3382821235164777e-06,0.00010806928924687841,0.0003982774879884854,0.23040286015045094,11.86846100652807,25.71714650001377,0,True,eclipsing_binary,TIC_429295277.csv,1.4,5972.0,1.864265225591254,57.57088372038144,0.0310125004188704,Success
8.035990663132576,7.604997287878465,0.001280512,0.84218385020855,0.002947832093078917,1411.7202476095927,0.04606738377876423,0.999380020896241,0.999460055307118,0.00010165772038207483,0.9996194009790399,0.9992732812818326,1.2129772325643216,0.022392143715265104,5.35771048410673,30.0,24.0,6.0,8.067839289881652e-06,0.000548088928869521,0.0003012499850896244,-1.0658950643355618,21.693874036687255,75.54277629090939,0,True,eclipsing_binary,TIC_294780517.csv,0.835807,5107.98,1.682816233752446,1662.238174661601,0.0619464680498288,Success
18.9869644076257,15.716030414790646,8.0032e-05,13.73896276576051,0.11823741171182967,2400.9613273708396,0.05413428182999416,0.9987343914959091,0.9986996967105719,0.00017492285021785802,0.9986214616830033,0.9987696964720806,0.30152602114949895,0.03199313797806458,12.004639615452607,2.0,2.0,0.0,4.169842333130652e-07,7.411739453866417e-05,-6.160299688140469e-06,-1.83733701121271,18.449203678962277,53.37759716704022,0,True,eclipsing_binary,TIC_320525204.csv,1.34,5941.5,1.6546757345088352,1491.6137193051736,0.004750633740743,Success
,,,,,,,,,,,,,,,,,,,,,,,39.624290041974746,0,True,eclipsing_binary,TIC_358072664.csv,,,,,,"Required feature(s) not computable: ['FAP', 'transit_shape_ratio']"
,,,,,,,,,,,,,,,,,,,,,,,54.692053582984954,0,True,eclipsing_binary,TIC_289316336.csv,,,,,,Required feature(s) not computable: ['transit_shape_ratio']
17.796123197506578,14.425269755220183,8.0032e-05,2.6886123269283737,0.006246555575140977,1765.1339787756733,0.03748240679915085,0.9948249960773972,0.9954976302230113,0.000765784177225001,0.9954281748144084,0.9956018133359159,0.11129721861378308,0.0646937742167285,14.79272714340648,9.0,7.0,2.0,8.607333675076104e-07,0.0017788224392084838,-9.28006917195745e-05,-0.06567892862471143,26.54111838143581,10.634012625087053,0,True,eclipsing_binary,TIC_241065596.csv,3.96,6628.0,2.68709118543883,6561.653252110777,0.044511205239856,Success
14.366247818235593,13.514322071523711,8.0032e-05,0.8065800782737013,0.002087976309581463,2500.3762837221047,0.03495873352442986,0.99921763325126,0.9992985227475923,7.129014672906324e-05,0.9993137932876418,0.999283164947314,0.1519597445908498,0.025154305954318626,10.122191672088055,30.0,28.0,2.0,3.4001182322663935e-06,0.0003689349915298036,0.00026789471549404364,0.8813637937888252,28.582775533129276,56.96218454197515,0,True,eclipsing_binary,TIC_371210825.csv,0.89,4252.9,0.9557706223258384,209.4224729424221,0.0251373487299327,Success
27.574258393630583,26.987678499793475,8.0032e-05,0.4916873112871707,0.0010442559243642735,3533.4457916866636,0.023957456872756466,0.9768662820487806,0.9796183291120725,0.0009731834171408333,0.9800934988555753,0.9791431593685694,0.34570886464591843,0.13678228830169759,21.484034717793584,53.0,52.0,1.0,0.0007977524763572988,0.0064514528746519,0.01014990904645885,-0.026170163832836175,40.77504082495654,180.11178045801353,0,True,eclipsing_binary,TIC_86005116.csv,0.46,3522.0,3.6283399222846553,3972.213645203393,0.0365864848989158,Success
7.339754918915409,6.296167691768493,0.005282113,7.869942443591911,0.09979238198273288,2773.1608837201675,0.12951747764936178,0.9968690089566627,0.9973647406961402,0.00030032442012233935,0.9972124626697885,0.9976692967488437,0.5277414214178261,0.05032086054807689,12.060543435642101,3.0,3.0,0.0,2.492152945916642e-06,0.000273540294787595,6.138370084229905e-05,1.0705588651958247,7.696791406449807,4.02815416699741,0,True,eclipsing_binary,TIC_344416349.csv,2.21,6167.0,0.5634744386813958,81.92169498200118,0.0312755653556072,Success
8.069183724753916,6.456352674971887,0.001280512,3.151797707568983,0.02205456629105651,2231.467601724521,0.11363279775244164,0.9993020068416872,0.9993719520403265,6.465929983010171e-05,0.9996056572497765,0.9990938940174046,2.834368628179731,0.02375925013095835,10.141852298066427,8.0,8.0,0.0,2.30094292001092e-06,0.0004375450910455156,7.101806495579677e-05,0.08266646289960745,8.794133618172005,82.64340262499172,0,True,eclipsing_binary,TIC_154459165.csv,0.79,4869.0,10.44024681338668,3178.7200472972454,0.0250248000116811,Success
,,,,,,,,,,,,,,,,,,,,,,,32.318723999895155,0,True,eclipsing_binary,TIC_101395259.csv,,,,,,"Required feature(s) not computable: ['depth_mean_odd', 'odd_even_mismatch']"
9.339006192634901,8.086286497130207,8.0032e-05,1.2594744199694874,0.007229514729961362,1325.6739056439824,0.006006742751585252,0.9974599888309611,0.995492363329206,0.0015002481254459445,0.9927294760810949,0.9991762129933544,3.431702256145116,0.04532365864490876,13.021756749457195,22.0,7.0,15.0,9.029944243255477e-07,0.003969283444820802,0.00015469565021986043,74.73743995554142,166.0567182717654,3.0193128330865875,0,True,eclipsing_binary,TIC_79395355.csv,1.3,5926.0,1.2615578800413263,13037.346791361815,0.013628368972012,Success
,,,,,,,,,,,,,,,,,,,,,,,30.226237292052247,0,True,eclipsing_binary,TIC_219401954.csv,,,,,,Required feature(s) not computable: ['FAP']
,,,,,,,,,,,,,,,,,,,,,,,82.6946403750917,0,True,eclipsing_binary,TIC_128501004.csv,,,,,,Required feature(s) not computable: ['transit_shape_ratio']
,,,,,,,,,,,,,,,,,,,,,,,36.38612866704352,0,True,eclipsing_binary,TIC_16102323.csv,,,,,,Required feature(s) not computable: ['transit_shape_ratio']
,,,,,,,,,,,,,,,,,,,,,,,29.175906000076793,0,True,eclipsing_binary,TIC_219467837.csv,,,,,,"Required feature(s) not computable: ['FAP', 'transit_shape_ratio']"
,,,,,,,,,,,,,,,,,,,,,,,43.01428229198791,0,True,eclipsing_binary,TIC_230075120.csv,,,,,,"Required feature(s) not computable: ['FAP', 'transit_shape_ratio']"
11.749822454033701,10.288187913218874,8.0032e-05,0.783569504862818,0.0026276408221328484,2883.101264667531,0.044448262689702665,0.9997230769436747,0.999756370931654,2.896575859995776e-05,0.9997653128451816,0.9997474290181266,0.21830972541020952,0.014965344025551192,8.713079014274879,35.0,34.0,1.0,8.574742889084692e-07,0.00017783512393721522,0.0001365156536111689,17.111665386531346,22.491836945862918,167.64058537501842,0,True,eclipsing_binary,TIC_327011842.csv,5.3874698,4975.0,0.8040023378552785,165.63400039115717,0.0059964586815201,Success
6.975806620732885,6.833509261805978,0.010084034,3.0460947587178926,0.017254902891272517,3315.5983579835774,0.04266266793269837,0.9975472871637158,0.9979103641155086,0.00041009021194194744,0.9979871723747462,0.9978522895780364,0.1163202685318245,0.04453797824716421,5.1407448476983495,8.0,7.0,1.0,3.5398548349072125e-05,0.00035592960316466454,0.00010152111822292476,-0.26613521279483654,23.382205930894344,41.500459417002276,0,True,eclipsing_binary,TIC_26583436.csv,1.38,6291.9,7.560511155044433,156.53814632321516,0.0079907129732944,Success
12.43428636655501,10.854658134803355,8.0032e-05,9.156641882099223,0.0768379369470722,1931.1067416065919,0.14978179396548172,0.9963045388237993,0.9968515783233471,0.00028940139573672996,0.9968724250795916,0.9968092948083233,0.0743704563826139,0.054669042668152666,10.973348970608447,3.0,3.0,0.0,2.6187500096098513e-05,9.411035455752046e-05,0.00013109476208916782,2.8203610900872995,6.651706542207692,24.664461542037316,0,True,eclipsing_binary,TIC_258871793.csv,1.2752,5954.0,8.717971901880242,364.85294516119814,0.1613130497257348,Success
8.815836070433017,6.685346799989859,0.000240096,5.738382493673354,0.07038793142803845,2041.705406881141,0.0371781714586196,0.9996074908133877,0.9996549896044512,8.452587120510648e-05,0.9994127760346362,0.9999650229738145,2.5093342351045163,0.017816896606105973,3.79496750156281,4.0,3.0,1.0,4.6973796917598953e-07,0.0002708683462876473,1.52072494034039e-05,-1.7662278601568404,26.886946065273285,21.129215250024572,0,True,eclipsing_binary,TIC_412014494.csv,2.13,7262.0,6.755600067262212,140.29920179003952,0.1147169292708012,Success
6.014434253631002,5.464007272175179,0.055542217,6.443636854298703,0.1263228144965587,3317.1815861566333,0.4038231462846921,0.999832236561321,0.9998574135102655,3.1812968576474463e-05,0.9998537823240524,0.9998610594573981,0.08099493961589899,0.011648119205760928,4.510262729615127,4.0,4.0,0.0,9.860823789376994e-07,7.290832832381064e-06,9.306393078190034e-05,-0.030520417807033087,2.4759161176374156,16.562280582962558,0,True,eclipsing_binary,TIC_302814895.csv,1.86,6521.0,6.43036630278997,172.41417630498023,0.4161457777699619,Success
18.768751224450266,18.406738498952112,8.0032e-05,0.8225721132072832,0.0025361230105717114,1764.9340999005349,0.04781782003613911,0.9985097382978813,0.9980926896177688,5.373822783591388e-05,0.9981001259450983,0.9980592261447851,0.5843468105027972,0.03471669845461309,16.979028218511083,28.0,9.0,19.0,1.4848730945176686e-07,0.00017357807394195168,0.0015903865294277786,0.9778402775400066,20.881540345068867,4.1976923330221325,0,True,eclipsing_binary,TIC_312259170.csv,1.0,5778.0,1.1145398498120356,778.918318789179,0.0318966577670585,Success
,,,,,,,,,,,,,,,,,,,,,,,46.95725599990692,0,True,eclipsing_binary,TIC_198384408.csv,,,,,,"Required feature(s) not computable: ['FAP', 'transit_shape_ratio']"
6.555404335969227,6.343193085197725,0.020568227,2.942300320896919,0.028885918434063962,2038.2290962223415,0.027216280416282483,0.9974052678042578,0.9977407702882227,9.686689579468507e-05,0.9977846856864612,0.9976950745360011,0.32767246762640356,0.04580927486117347,27.44337529122004,8.0,8.0,0.0,1.1108012025408351e-06,0.0001567287387746569,0.00021027529845785153,0.03944947606591709,36.647376222929694,30.409140832955018,0,True,eclipsing_binary,TIC_412014494.csv,2.13,7262.0,0.2675752087562361,3352.131994647567,0.0966339870596917,Success
12.59790105947221,12.066283519725758,8.0032e-05,1.1346158340690287,0.004043045992051741,2201.765486041419,0.0531461736442817,0.9992661065346918,0.9993354972886623,3.741297971014073e-05,0.9993801717363827,0.9992866346114683,0.8844931859472864,0.024362601258239636,16.829671758316337,23.0,21.0,2.0,1.249921292163025e-06,0.00015192239473719318,0.00035057129061799586,1.0190591964231313,18.80222108223606,129.93756733299233,0,True,eclipsing_binary,TIC_237808867.csv,9.78,5274.0,0.7798420520859003,57.338325755607045,0.0377899013820886,Success
,,,,,,,,,,,,,,,,,,,,,,,125.78039858292323,0,True,eclipsing_binary,TIC_60074373.csv,,,,,,Required feature(s) not computable: ['transit_shape_ratio']
13.726218020586694,13.267458055419773,8.0032e-05,1.7570453732931326,0.008152973609054759,1412.591094170339,0.06038962732475171,0.99827954095797,0.9983729014667475,6.22465135670913e-05,0.9983866883603981,0.998362655727288,0.13575311228835982,0.03730175934512689,26.554585738552788,14.0,12.0,2.0,1.9136281441716383e-06,9.249616737382087e-05,0.000207063649160788,1.8084277135713445,16.53064582746329,33.40946858294774,0,True,eclipsing_binary,TIC_176984236.csv,1.29,6249.0,3.553352664824765,4145.215227277954,0.0196453022035597,Success
13.716663432989016,12.852253745185436,8.0032e-05,1.4116047564521454,0.005869367790486524,2797.709360899309,0.0814559897212742,0.9995797200140764,0.9996267912957767,3.067193581044793e-05,0.9996381175222961,0.9996126696601586,0.2921617933185406,0.01843641610009242,12.151846186123926,19.0,18.0,1.0,9.972662558337924e-07,0.00011997324426148864,0.00020601096156358523,1.2464672388897278,12.27140844319042,151.77334658289328,0,True,eclipsing_binary,TIC_274170255.csv,3.84,5197.0,1.3105711892646077,104.20635541263934,0.0901297384314704,Success
,,,,,,,,,,,,,,,,,,,,,,,25.734686958021484,0,True,eclipsing_binary,TIC_61980227.csv,,,,,,Required feature(s) not computable: ['transit_shape_ratio']
,,,,,,,,,,,,,,,,,,,,,,,51.54436483292375,0,True,eclipsing_binary,TIC_27244707.csv,,,,,,Required feature(s) not computable: ['transit_shape_ratio']
6.54314146746931,6.583027153332551,0.020888355,4.838524226770612,0.03873277996961155,3017.703020075782,0.03755225536933772,0.9916976261682436,0.9928908370877588,0.0011599209138159147,0.9931244043797064,0.9925553495229615,0.17027921870515828,0.08194232628155583,5.744965261394749,5.0,5.0,0.0,0.0002049116452796002,0.0019056430057370409,0.00017714896769449595,0.13402013798127116,26.408470447769364,41.831569458008744,0,True,eclipsing_binary,TIC_463681005.csv,1.66057,6091.0,4.83680611943649,8730.58380838798,0.0723025388014514,Success
7.020600887602543,6.933640628211856,0.009123649,5.83087782194107,0.05954761233673889,2231.97324316246,0.04493009223980409,0.9961171800909125,0.9967212281271794,0.0003731486113482875,0.9966887776312551,0.9967541856621027,0.06198293848775164,0.05603776049660156,30.566743941301663,4.0,4.0,0.0,1.4868230501868424e-06,0.0001275924565900836,7.311445720314946e-05,0.03684813286175685,22.170379147551376,27.99438749998808,0,True,eclipsing_binary,TIC_93963408.csv,1.87739,10393.0,2.9107047678209,17805.202379587827,0.0228517231239841,Success
25.02575988161242,24.21506312752843,8.0032e-05,0.6196209883579473,0.0010354120141342071,1410.999765932862,0.02278165652268886,0.9953357221368966,0.9955916400999307,3.553966510461618e-05,0.9955839487359257,0.9955996357984823,0.15627002926824593,0.06141852099965358,90.13776438637811,42.0,35.0,7.0,1.3291511815564553e-06,0.00018497526646752866,0.0008304364967299804,0.9468231724784169,43.69022600027418,221.02751004102174,0,True,eclipsing_binary,TIC_7624182.csv,3.13,8666.0,0.3098122070354359,5617.267213104405,0.0565372980565498,Success
11.613111265649527,10.948959254065045,8.0032e-05,1.8252712165386578,0.009982467254882943,2825.4288887867233,0.03805327120515411,0.9996755904968857,0.999725781659161,1.713361956351457e-05,0.9998559035060474,0.9995950656485905,5.864891936042762,0.01619772161890951,25.09848615827638,16.0,16.0,0.0,5.412750972400942e-08,0.00015437050403429442,4.0064999999978035e-05,-0.5900000000012878,26.27042456106862,30.75826062494889,0,True,eclipsing_binary,TIC_365683032.csv,1.65,9224.0,3.654655607825141,874.4749708360366,0.0336848436437063,Success
,,,,,,,,,,,,,,,,,,,,,,,20.802122625056654,0,True,eclipsing_binary,TIC_403136413.csv,,,,,,"Required feature(s) not computable: ['FAP', 'transit_shape_ratio']"
11.601403322120856,11.55553103475787,8.0032e-05,1.6171064080238648,0.008655032927736284,1931.4403213313526,0.05124667830157457,0.9952974489423194,0.9955907742599117,9.181713429681297e-05,0.9954966312943654,0.995678953417686,0.7021040945186902,0.06166999406436789,45.18517125878136,15.0,12.0,3.0,4.144916958034409e-06,0.00027116554020766676,0.0013213327276709874,0.8928655936812186,19.421696818771935,31.50997587502934,0,True,eclipsing_binary,TIC_259126549.csv,1.43,6149.2,0.809122150629339,5156.725842172416,0.0715995740330696,Success
10.431797345540147,9.162224328172496,8.0032e-05,5.462494506266269,0.0491210855373061,3668.0484779799986,0.11062664984049106,0.9966076284015283,0.9970477569085042,0.00041331964181534533,0.9965996695229439,0.9973200125351739,0.5966120524882333,0.05237919940457285,6.538949397916788,5.0,4.0,1.0,5.154242894508513e-05,0.0006795083396211035,-0.0002583825234894199,-0.2897389513727401,9.008748161844403,21.300488041015342,0,True,eclipsing_binary,TIC_81231810.csv,1.64,5878.0,2.7962812632428085,11642.824884002368,0.011842783283407,Success
10.625152122121808,10.34464284480805,8.0032e-05,7.337737319253341,0.06618391035222748,3016.6223443875037,0.10972395627172216,0.9967643012597412,0.9972556879976946,0.00037379269151968186,0.9972855159573193,0.9972256029004869,0.056679457117900574,0.05115536488174301,7.571419269929819,4.0,4.0,0.0,3.054640152085539e-05,9.660162727019459e-05,0.0003332614849157478,0.33883449160422036,9.084290569976698,55.34122050006408,0,True,eclipsing_binary,TIC_308425348.csv,1.09,6271.0,7.324130480681659,3691.4046297268355,0.1271584237629462,Success
,,,,,,,,,,,,,,,,,,,,,,,150.96569270791952,0,True,eclipsing_binary,TIC_287474726.csv,,,,,,Required feature(s) not computable: ['transit_shape_ratio']
17.662887873444202,17.651506848288506,8.0032e-05,1.0389728050056561,0.00444933378968726,2526.5295281926246,0.028241293679201453,0.9970561851939133,0.9974300547777363,9.241703566837044e-05,0.997481509716666,0.9973818157724894,0.3814406043417467,0.04879354695472192,41.93003686325052,24.0,23.0,1.0,3.566128919317788e-07,0.0002240991582012983,0.00016791544018901483,0.5963627563533257,35.30490481490244,8.965140457963571,0,True,eclipsing_binary,TIC_377024332.csv,1.36,6200.0,0.5195510618431534,3854.5892045880328,0.0307621162450181,Success
,,,,,,,,,,,,,,,,,,,,,,,56.43569712492172,0,True,eclipsing_binary,TIC_306547699.csv,,,,,,Required feature(s) not computable: ['transit_shape_ratio']
,,,,,,,,,,,,,,,,,,,,,,,11.735323291970417,0,True,eclipsing_binary,TIC_245462406.csv,,,,,,Required feature(s) not computable: ['transit_shape_ratio']
,,,,,,,,,,,,,,,,,,,,,,,55.07361887500156,0,True,eclipsing_binary,TIC_389182138.csv,,,,,,Required feature(s) not computable: ['transit_shape_ratio']
,,,,,,,,,,,,,,,,,,,,,,,47.33060137508437,0,True,eclipsing_binary,TIC_142090065.csv,,,,,,Required feature(s) not computable: ['transit_shape_ratio']
9.440093935819185,8.258973311357648,8.0032e-05,2.603908856164223,0.017359565856730486,2038.5935046199388,0.03596490319286625,0.9914663687094691,0.9920112954665767,0.0008143296014646341,0.9935773853347107,0.9904452055984426,1.3858060229101632,0.08307571429856524,56.941962682390304,7.0,4.0,3.0,2.365206572346235e-06,0.0015779273581860234,0.00019853651014556384,0.3708290217729363,27.56760843738708,36.57706608308945,0,True,eclipsing_binary,TIC_341186896.csv,1.3,6635.0,2.6099010455659273,22952.029752182578,0.0392532774688346,Success
17.956903702271298,17.945691048528886,8.0032e-05,0.8549922611157889,0.003529400202294919,2115.9899672106185,0.03433928230373017,0.9943189891092789,0.9948751079691136,0.0001891315904972066,0.9948042894923944,0.9949459264458328,0.26479620683969424,0.06778287068183768,61.891531619590204,31.0,28.0,3.0,5.636377574897039e-06,0.0006833575164124001,0.0010182610460409691,0.8283768170486695,28.955730067814173,88.83308429201134,0,True,eclipsing_binary,TIC_321068176.csv,1.0,5778.0,0.8559400650294061,20938.588837455583,0.0284700737425863,Success
14.51423379975605,12.284331591438931,8.0032e-05,1.5222484659886362,0.0041882351695657905,2912.2157385426353,0.039465668833398714,0.9933657065577832,0.9937601204858745,0.0005043476216994371,0.9948503491444187,0.9926536197577999,1.5492514082325293,0.07324946976868035,12.90355430324099,17.0,15.0,2.0,9.480115230486196e-05,0.003419960383668906,0.001062296025056031,0.716827385793287,25.170375567463463,77.04196841607336,0,True,eclipsing_binary,TIC_354442783.csv,0.8,4654.3,11.50592500209384,539.8033710676265,0.0387305851733102,Success
13.36820709546008,11.908974045962479,8.0032e-05,1.996980615277611,0.007828902444568242,2257.215256137641,0.03144321815022379,0.9960841865299969,0.996241866983002,0.00019282143552685845,0.9947941635629771,0.9980514962580332,7.710532088446029,0.05627534223676509,38.63687699194041,12.0,9.0,3.0,1.9730464882148563e-06,0.0016660684911952563,0.00036058223797841293,-1.2363571860870983,31.678824405666237,56.17821729101706,0,True,eclipsing_binary,TIC_140706664.csv,1.0,5778.0,3.990025487470089,10417.40643256117,0.0517149696292321,Success
16.522078771952614,13.64456186747451,8.0032e-05,6.840532071554957,0.03615118510719251,2797.62970811116,0.027382147356107202,0.983856599309042,0.9866895956683998,0.0007187359756279148,0.9861352978188058,0.9872438935179936,0.5475440541719123,0.11426274681107693,27.26488821750794,4.0,4.0,0.0,1.8586303660461706e-05,0.000889310649664513,0.0003556223871732378,-0.047864595611708895,35.930585958577375,75.087526166928,0,True,eclipsing_binary,TIC_161450762.csv,1.0,5778.0,6.842600733086531,22222.614654963225,0.040631679934793,Success
12.55949022673555,12.158972714732323,8.0032e-05,1.3009227555595406,0.006591649449398829,2770.491187906439,0.07125248379692914,0.9937552740714368,0.9937094345804672,0.00018906976396378933,0.993625102801074,0.9937729919459124,0.2727205440026751,0.07106632180382962,31.050367342122954,20.0,15.0,5.0,2.968169407319263e-05,0.0014006201814525325,0.004291348307796428,1.014773458129243,13.946956247920525,26.76188658294268,0,True,eclipsing_binary,TIC_278968371.csv,1.61,6053.0,0.635364134408509,512.8031839237713,0.005277496953881,Success
,,,,,,,,,,,,,,,,,,,,,,,60.58663399994839,0,True,eclipsing_binary,TIC_161477033.csv,,,,,,Required feature(s) not computable: ['transit_shape_ratio']
,,,,,,,,,,,,,,,,,,,,,,,1.0693755409447476,0,True,eclipsing_binary,TIC_376838000.csv,,,,,,"Required feature(s) not computable: ['FAP', 'transit_shape_ratio']"
,,,,,,,,,,,,,,,,,,,,,,,41.232172542018816,0,True,eclipsing_binary,TIC_243153196.csv,,,,,,"Required feature(s) not computable: ['FAP', 'depth_mean_even', 'odd_even_mismatch', 'depth_consistency_std', 'transit_shape_ratio']"
6.044613012586972,4.492301281091267,0.051460584,2.138575749290633,0.011394221689558837,3235.8656025999608,0.028463942571680886,0.9975853746289992,0.9979563556012753,0.00030729882744367836,0.9983258164582169,0.9974911085962371,0.9555793570034441,0.04419081656630581,6.074874684820536,11.0,9.0,2.0,2.063174740471947e-05,0.0008072937521365621,0.0005023941385383646,10.5429559528113,35.04733654225078,39.43897424999159,0,True,eclipsing_binary,TIC_87044036.csv,1.31,6070.0,3.3117514570361593,3690.06483026757,0.0438995319795937,Success
,,,,,,,,,,,,,,,,,,,,,,,29.915575292077847,0,True,eclipsing_binary,TIC_96291218.csv,,,,,,"Required feature(s) not computable: ['depth_mean_odd', 'odd_even_mismatch', 'transit_shape_ratio']"
10.643146213729228,10.025423667516003,8.0032e-05,2.2908475256277088,0.023319256800833132,2883.491535799216,0.08743342730627152,0.9955957084597411,0.9962628851504985,0.00025609252622269484,0.996242367244723,0.9962834574804271,0.056740986490955596,0.05968224847627964,16.146685815153045,12.0,12.0,0.0,4.07803991273176e-05,0.000891162223111636,0.00032419654256643504,0.34953066578807096,11.386900172313478,28.81070012494456,0,True,eclipsing_binary,TIC_284305328.csv,1.87,6620.0,2.071279230992306,198.97830822002138,0.0816926011707157,Success
,,,,,,,,,,,,,,,,,,,,,,,10.751272583962418,0,True,eclipsing_binary,TIC_384549882.csv,,,,,,Required feature(s) not computable: ['FAP']
,,,,,,,,,,,,,,,,,,,,,,,27.868165666935965,0,True,eclipsing_binary,TIC_386435344.csv,,,,,,"Required feature(s) not computable: ['FAP', 'transit_shape_ratio']"
,,,,,,,,,,,,,,,,,,,,,,,35.03592795901932,0,True,eclipsing_binary,TIC_66356824.csv,,,,,,Required feature(s) not computable: ['transit_shape_ratio']
14.782708863865949,14.20157848305319,8.0032e-05,2.532393917004362,0.012451411847296923,2116.471951060846,0.025473709891357294,0.9987098401703469,0.998759554569643,0.00014054763734560826,0.9986405972116205,0.9989331680110809,0.7283302732821223,0.03230196220405085,9.946441684551106,11.0,10.0,1.0,2.839026632776317e-06,0.0002786296648629908,8.06041082490605e-05,-0.01391128512353421,39.20551205261188,56.13727287505753,0,True,eclipsing_binary,TIC_301051430.csv,1.2460999,6049.0,2.5328072505745363,1908.9747722950135,0.0203074010454287,Success
,,,,,,,,,,,,,,,,,,,,,,,36.75058141595218,0,True,eclipsing_binary,TIC_249812036.csv,,,,,,Required feature(s) not computable: ['transit_shape_ratio']
,,,,,,,,,,,,,,,,,,,,,,,20.858268875046633,0,True,eclipsing_binary,TIC_297153209.csv,,,,,,Required feature(s) not computable: ['FAP']
13.238141780049995,13.050510770746701,8.0032e-05,1.9425407858448092,0.011916272966287167,2202.51428635666,0.036260169243176585,0.9968242089097887,0.997146892545447,9.813345399245606e-05,0.9971682787047108,0.9971253692954186,0.15480839637731747,0.050679591989363545,33.67292345902848,13.0,12.0,1.0,2.2580649342848158e-06,0.00026308483298910626,0.00038609950870804877,0.1504599595170735,27.49088682473181,51.13487549999263,0,True,eclipsing_binary,TIC_284288080.csv,1.68,6466.0,1.943346595993267,7261.600707694993,0.0486956091245843,Success
,,,,,,,,,,,,,,,,,,,,,,,55.530011042021215,0,True,eclipsing_binary,TIC_400476523.csv,,,,,,Required feature(s) not computable: ['FAP']
11.884591743680504,10.90336362558043,8.0032e-05,5.02044887914712,0.03207604531535235,1389.4108734327308,0.07013822334360371,0.9972443526264033,0.9976697697797599,8.523231695139924e-05,0.9976035629869632,0.9977346655469569,0.5447620819721781,0.047208365925927954,39.8021864376103,4.0,4.0,0.0,6.509415231527837e-07,8.187821432072403e-05,0.00016558469126382036,0.13445004185462217,14.218272221424147,47.1558673750842,0,True,eclipsing_binary,TIC_219401954.csv,1.0,5778.0,5.0158515445304195,3150.996115396154,0.0755455167583667,Success
,,,,,,,,,,,,,,,,,,,,,,,80.47994433401618,0,True,eclipsing_binary,TIC_275111900.csv,,,,,,"Required feature(s) not computable: ['depth_mean_odd', 'odd_even_mismatch', 'depth_consistency_std']"
,,,,,,,,,,,,,,,,,,,,,,,18.126964750001207,0,True,eclipsing_binary,TIC_241174783.csv,,,,,,Required feature(s) not computable: ['FAP']
12.279029606918208,12.01380625628905,8.0032e-05,3.7691816598506342,0.031068484586724843,1792.6439834509679,0.02956272864256899,0.9956013648375264,0.9959819061314361,0.00014025506115727346,0.9957704402908316,0.9961933719720406,1.3540390225440155,0.05964391157235203,21.45667578485468,6.0,6.0,0.0,2.1143112319205168e-07,0.00034355333367816867,0.00014129262808437737,0.03875867730862553,33.67758696685073,1.4820729580242187,0,True,eclipsing_binary,TIC_316254876.csv,1.63,5429.5,3.771594514499464,4562.164990469242,0.0461773298216219,Success
12.414552541302143,9.64239893682884,8.0032e-05,2.368287450106937,0.008979468197694684,2420.1020786133263,0.11533978146426867,0.9980416427956643,0.9983350582791575,0.00010205108770335604,0.9983073764414235,0.9983627401168913,0.1925521465000456,0.03979725353597258,17.27610369410287,12.0,12.0,0.0,9.30896957608504e-06,0.0008712527179687552,0.00034867381613534754,-0.11802375235885446,8.65305647475021,64.85572600003798,0,True,eclipsing_binary,TIC_89510024.csv,1.0,5778.0,1.3538709602825174,1679.9272703024171,0.0104864769254973,Success
5.954091984354557,5.767248353382945,0.061784714,4.61733062590576,0.03702927496050812,2798.1219303730004,0.03834174850388286,0.9991515677526338,0.9992923906076264,0.00015481944954684416,0.9995122171717179,0.9990672024200205,1.0224366572851171,0.026194838805715312,4.3613666703018,6.0,6.0,0.0,4.3613850806437225e-06,0.00030827805097032425,3.6285637620592226e-05,1.304029801174154,26.059102851072375,36.05826137494296,0,True,eclipsing_binary,TIC_358186451.csv,1.73,7176.0,8.575256145446717,601.3850394209763,0.0064308318660339,Success
,,,,,,,,,,,,,,,,,,,,,,,54.03019145899452,0,True,eclipsing_binary,TIC_343648136.csv,,,,,,"Required feature(s) not computable: ['depth_mean_odd', 'odd_even_mismatch']"
,,,,,,,,,,,,,,,,,,,,,,,224.6139158330625,0,True,eclipsing_binary,TIC_144956678.csv,,,,,,Required feature(s) not computable: ['transit_shape_ratio']
9.989301354085558,8.572751044127479,8.0032e-05,1.8082607862971067,0.0069639115522359685,2037.5500864265364,0.026529568145715013,0.9993193221466572,0.9993814688984872,7.649025405301703e-05,0.9992930142655001,0.9994699235314745,0.8202292697213056,0.023462698350594554,12.0747737672189,13.0,12.0,1.0,6.078238221794763e-07,0.0003289299854476805,1.0190358806450028e-05,-0.09495593890561452,37.668133784079885,47.594770375057124,0,True,eclipsing_binary,TIC_41173048.csv,1.0,5778.0,1.80885714243674,2427.832497424176,0.0117640011345579,Success
12.662632583418473,11.401187546440429,8.0032e-05,1.9153779690461241,0.00737139390462882,2475.4442429845317,0.023028776207301732,0.9987093652803237,0.9988005620294168,0.0001410057889992199,0.9988803351383408,0.9987057728058716,0.43765175221253966,0.03230790661027402,9.705911976297374,13.0,11.0,2.0,2.8551919824974257e-06,0.00035123463243280374,0.0001393893212343622,-0.5536305679974528,43.367887042285076,51.512892958009616,0,True,eclipsing_binary,TIC_245947683.csv,1.0,5778.0,1.916897413467488,2700.988966650386,0.0185458773374011,Success
10.109757261365205,10.136284083929112,8.0032e-05,1.4140956918468264,0.009566804628816983,1871.570756087794,0.054729023981783434,0.9986318404097742,0.998793410728775,3.493890153853151e-05,0.998797914360308,0.9987877486068155,0.10254859047434722,0.03326408075680365,40.81173204379006,19.0,18.0,1.0,6.325718368581009e-07,0.0001301225157924779,0.0004104959397364105,0.7826549577086453,18.24684176246536,52.581072208005935,0,True,eclipsing_binary,TIC_457138169.csv,1.4487799,6273.0,0.7079681385341585,1930.6077938909816,0.1051189944564043,Success
7.13751990627731,6.921769151175855,0.007523009,2.8774162606479,0.04700995431797339,1712.7314343155178,0.13003753462597076,0.9991537032842812,0.9992040941791234,7.213339705816481e-05,0.999102611297408,0.9993055770608389,1.023934085470341,0.02616185140309394,11.0258545605242,9.0,6.0,3.0,1.79618998652936e-07,0.00017174301011964676,0.0004780509508027775,2.7252359359308107,7.683579253929756,0.6317411670461297,0,True,eclipsing_binary,TIC_416987878.csv,2.65,8342.0,1.0076933520120437,159.46654354037636,0.0849769383211286,Success
,,,,,,,,,,,,,,,,,,,,,,,48.60052462492604,0,True,eclipsing_binary,TIC_233684293.csv,,,,,,Required feature(s) not computable: ['transit_shape_ratio']
13.23576094809401,12.263872574854638,8.0032e-05,3.8616358095965007,0.03392244552678059,1794.1874156764131,0.03459550138160863,0.9963571320909714,0.9974035581907779,0.000514453073263271,0.998252836093729,0.9967241358684167,1.2702520433651856,0.054278627667129306,21.20822842385034,6.0,5.0,1.0,1.1627807694664948e-07,0.0008308358931691509,-3.945947467443034e-06,0.06478274425319104,28.800193444244936,0.9821412919554859,0,True,eclipsing_binary,TIC_82010657.csv,1.7,7519.0,3.8656564707381817,4313.079160131239,0.0439369025836313,Success
7.393255463782337,6.725022617959889,0.004481793,1.1936061632685224,0.0021372088243342136,2036.791023241122,0.018708652083543383,0.9994348510326183,0.9994844083179787,0.00015309261697849533,0.9994936265033203,0.999475453509361,0.041983325290328076,0.02137906048847661,3.6034499768474038,19.0,16.0,3.0,4.243377325320922e-06,0.0004091295276083112,4.3177022881035754e-05,0.03828290199950166,53.420997224687675,121.60927683394402,0,True,eclipsing_binary,TIC_300599466.csv,10.05,5027.7,0.5967748331487162,4775.4272901684435,0.0047286628333411,Success
15.11247060119281,13.811624738032576,8.0032e-05,2.159800854292691,0.012587433828158856,2771.8591788158046,0.05946522577274382,0.988381052737342,0.9886908849262157,0.0002754339100391901,0.9884213188008262,0.9892279111916396,0.9763271342928707,0.09693721472517484,41.56460089471088,12.0,9.0,3.0,2.792647294253039e-05,0.0012561446287568335,-0.0002298003137735094,0.2580039636227371,16.62116034864819,44.270217290963046,0,True,eclipsing_binary,TIC_117689799.csv,1.04535,5863.0,7.469095056750774,341.8769945660039,0.0223320504509632,Success
11.057456529885584,9.12199621033382,8.0032e-05,3.7875289176763194,0.0201793057223143,2281.718279525419,0.10546486138515766,0.9979511556633133,0.998114768292813,6.53250235476268e-05,0.9982876214795467,0.9977690619193458,2.6937906113764316,0.04070629997058676,27.402960170317268,7.0,6.0,1.0,2.128201359406622e-06,0.0002707378187706947,-0.00020286024958982019,0.7063481649666218,9.462404279078278,36.96091154194437,0,True,eclipsing_binary,TIC_457939414.csv,1.10456,5579.5,1.1808693563867456,791.799730269438,0.0230396225562188,Success
14.7797997889514,13.909939908069141,8.0032e-05,2.812304748572603,0.01797229445196602,2230.0227188719864,0.11079198991347043,0.9985205829931744,0.9986616866405565,5.6768940156937086e-05,0.9986115768901389,0.9987117963909743,0.6248339674427256,0.03459015039386547,23.018259886150975,9.0,8.0,1.0,2.1419548447922414e-06,0.0001964614147148754,0.00012544807526482238,0.2704879708096853,9.012570166607064,52.2165726670064,0,True,eclipsing_binary,TIC_453209605.csv,1.0,5778.0,2.9409085856633217,4476.442196641783,0.0181008574447276,Success
12.949926889724699,11.822647519366987,8.0032e-05,1.092143937145958,0.00450578120668943,1870.639257023871,0.03437525473235983,0.9993393612881492,0.9994253129775164,3.058299626235516e-05,0.999428509209149,0.999421548526927,0.08048213483818525,0.023114747634559472,19.170519818969247,25.0,24.0,1.0,5.300599130655021e-07,0.00010845717268208958,0.00010825530393920868,1.1298818829168866,29.071475079060317,33.73275333305355,0,True,eclipsing_binary,TIC_457138169.csv,1.4487799,6273.0,9.08026260649765,3691.4046297268355,0.018999409317311,Success
,,,,,,,,,,,,,,,,,,,,,,,219.42133987497073,0,True,eclipsing_binary,TIC_177126182.csv,,,,,,Required feature(s) not computable: ['transit_shape_ratio']
12.859292965864054,11.965590346889876,8.0032e-05,1.668067903359498,0.011813114488769982,2964.8895486044385,0.06909684278766613,0.9991963819615137,0.9993006679623939,6.853265412295136e-05,0.9993231660438475,0.9992786198425693,0.22980564341549067,0.02549364800544982,10.23523573482793,14.0,14.0,0.0,3.232605857991419e-06,0.00020299140793221025,0.0001915599361397291,1.0901603766616483,14.460810966892273,38.395391041063704,0,True,eclipsing_binary,TIC_141631253.csv,1.2684,7051.0,2.6466160648648436,1012.5571709111991,0.0195338709112683,Success
,,,,,,,,,,,,,,,,,,,,,,,40.32519624999259,0,True,eclipsing_binary,TIC_441334829.csv,,,,,,Required feature(s) not computable: ['transit_shape_ratio']
8.887840073744576,6.705560566009793,0.000240096,1.204437664657705,0.005227302673713963,1411.1422215023053,0.006141010703069211,0.9969200691983724,0.9968510272834958,0.001157998176707417,0.995312025875472,0.9999290300995436,3.136083244643681,0.04990885728822417,8.823466112895165,21.0,6.0,15.0,7.927412705323298e-07,0.0028365046560064403,0.00013398638155459608,-0.3512895836912196,162.3381097023854,1.911567874951288,0,True,eclipsing_binary,TIC_179033846.csv,1.37,6712.0,4.818353397033468,10569.909635884778,0.0258184879743713,Success
7.614944396567178,7.591663745501982,0.003121248,4.688348507031817,0.04669363662295556,2885.093483893952,0.06676382304914474,0.9966500948449867,0.997182814475652,0.0001817129014722906,0.9973703703663802,0.996995258584924,0.7346002992597526,0.05205031982723088,16.24892300547145,6.0,6.0,0.0,8.623602811812259e-06,0.0003331351162394183,0.0002651370384301188,0.05187319132400596,14.927996171090355,31.573148166993633,0,True,eclipsing_binary,TIC_284528889.csv,2.14,5659.0,2.344284034397706,4200.646394364793,0.0711646616377317,Success
20.01293223105968,18.864549111204628,8.0032e-05,0.7893874508501388,0.00229870105034502,3236.0112388795387,0.04285093733533036,0.9983571566989847,0.9984643506453318,2.5661159215231647e-05,0.9984687971460667,0.9984601093677078,0.11982846462500145,0.036450644983266105,60.3468323612922,30.0,26.0,4.0,4.957641015633543e-07,7.589233967540221e-05,0.0010036578853034328,0.9370677896416691,23.298373822871895,174.74846675002482,0,True,eclipsing_binary,TIC_97735297.csv,3.27,9758.0,0.7891139919621449,1942.8614283731881,0.0547012804846198,Success
,,,,,,,,,,,,,,,,,,,,,,,20.138507000054233,0,True,eclipsing_binary,TIC_297153209.csv,,,,,,Required feature(s) not computable: ['transit_shape_ratio']
,,,,,,,,,,,,,,,,,,,,,,,0.7341582919470966,0,True,eclipsing_binary,TIC_270333769.csv,,,,,,Required feature(s) not computable: ['transit_shape_ratio']
15.7218456175328,14.300536643334182,8.0032e-05,3.0014225131983867,0.018091496795831663,2391.9256236188035,0.0992861708619839,0.9816061301393588,0.9843582038424292,0.0005766505737562872,0.985389300941742,0.9830601915365559,1.4261166511888228,0.1219673819092365,29.041451144913253,9.0,9.0,0.0,0.00017916674002582404,0.0017238737663949966,-0.0008812199030656664,0.08704756932646353,9.886634982669174,69.30616099992767,0,True,eclipsing_binary,TIC_243333538.csv,1.04172,6126.0,2.46701850212864,15828.695510380798,0.0374365751136454,Success
10.28203298075783,9.571008388157605,8.0032e-05,2.203247450301441,0.015450892347613987,3396.9092146947687,0.04483262311107679,0.9989842532878795,0.9990690821419479,8.788051504849545e-05,0.99906160983156,0.9990814846365095,0.07879102640728503,0.028661562299138896,10.659643309264476,13.0,8.0,5.0,1.965937485311467e-06,0.00018104548493844954,0.00023232742330159262,1.0569679463990787,22.28252963947275,16.024810916977003,0,True,eclipsing_binary,TIC_376682699.csv,2.0,9218.0,0.7330634695782585,174.4885283532227,0.0721080072105004,Success
,,,,,,,,,,,,,,,,,,,,,,,256.574430666049,0,True,eclipsing_binary,TIC_432008938.csv,,,,,,Required feature(s) not computable: ['transit_shape_ratio']
14.754057508381148,14.585917422143543,8.0032e-05,0.6648318568336868,0.002674230803891675,3693.6742682207655,0.04392569713057291,0.991521260382988,0.9925391854118687,0.00025964819995412516,0.9899743292388148,0.995094542117615,7.309453280179648,0.08280809540895394,31.206465329558583,36.0,35.0,1.0,6.273420995393487e-05,0.0027225431477063983,0.005424407834958123,0.5384568516435707,22.572692641293905,56.924790624994785,0,True,eclipsing_binary,TIC_347442932.csv,0.97,6256.0,3.3788956792898595,3864.8133322608523,0.1145422124579136,Success
,,,,,,,,,,,,,,,,,,,,,,,63.2035852499539,0,True,eclipsing_binary,TIC_356235833.csv,,,,,,Required feature(s) not computable: ['transit_shape_ratio']
9.191958238360955,7.8828251495732315,8.0032e-05,2.2295423405997896,0.023443393657081257,2770.721714240241,0.0676476923866623,0.9984038974591315,0.9984997043374692,0.00010628106686394063,0.9983625109198759,0.998707616011554,1.1512185023371992,0.03592837221371716,18.601739482194564,12.0,10.0,2.0,3.2503884310540186e-06,0.0006062165120858633,0.00016179484879763617,-2.4720662492326437,14.758875908913947,22.461727083078586,0,True,eclipsing_binary,TIC_89643259.csv,1.87,7166.8,9.163268116306744,4400.293220717999,0.0271840610844008,Success
16.524274551279102,15.987094178785881,8.0032e-05,1.8073240356436573,0.010426580137703034,2940.100904443795,0.019162536696274057,0.9915330767003216,0.9888769281042088,0.0007417649990959206,0.9885284810700697,0.9892191528698806,0.33048358926007804,0.08275037292130391,25.781281529758793,13.0,9.0,4.0,2.125631839413427e-05,0.0016836069620709733,0.00034948677161539266,-0.0810742052944202,51.743310002016294,32.85710254206788,0,True,eclipsing_binary,TIC_219467837.csv,1.45,5989.0,1.8069144142310576,19842.227417811053,0.0204385581048637,Success
16.294057907478813,16.220802926976408,8.0032e-05,1.320230845816844,0.004371877800887214,2229.6593563677557,0.038305784429998956,0.9989353254231415,0.999037971664659,2.135687205775346e-05,0.9990358004541796,0.999040676580508,0.08110673536591688,0.02934374829557995,49.80130921085138,19.0,18.0,1.0,1.5017555729098328e-07,4.6394343005487494e-05,0.00019344713868674202,0.8085394643661863,26.077923746702627,61.055898124934174,0,True,eclipsing_binary,TIC_139853601.csv,1.0,9438.0,1.320334127682476,1352.1254581003727,0.0455775108068061,Success
10.229413983444378,9.822316680139245,8.0032e-05,1.0886595120779108,0.003432516773695382,3831.3443969472655,0.04214900447452699,0.9958432926675759,0.996153392121357,0.0005619116971619734,0.9953703856511421,0.9969860257622198,1.0172834021505845,0.057980488572432806,6.902157141615505,22.0,20.0,2.0,0.00018176373259354178,0.002223121026581337,0.000737671111117999,0.9135509565909234,23.626733420700834,54.9542979169637,0,True,eclipsing_binary,TIC_310267134.csv,0.98,5259.0,1.0596782696213258,4297.672470461755,0.0160063127964759,Success
11.197704101756246,10.904203046011414,8.0032e-05,1.7848124849184117,0.01048689871938735,2798.8838671569097,0.06418771174847515,0.9988408728939826,0.998904355427473,3.258009733391992e-05,0.9988780297300363,0.9989411206256177,0.6744789885901935,0.030617708062354563,30.394697450991693,15.0,12.0,3.0,7.158101652801897e-07,0.00013805733091900007,0.0002878389463122355,1.0051602395484842,15.561247561028862,82.04377791599836,0,True,eclipsing_binary,TIC_167098530.csv,0.87,5159.2,1.792237254106123,3914.80761802343,0.0167202825202643,Success
7.119853321151553,6.265405269195818,0.007843137,3.0643897292426003,0.01161573499235291,2281.857051407065,0.05359655072958727,0.9993226555093087,0.9993417097730902,0.00011958059320786083,0.9992791982697048,0.9993888414621503,0.3174515544345552,0.023405177992201327,5.0394945497565535,8.0,7.0,1.0,3.769013898954877e-06,0.00010143705825878236,5.0697954417699975e-05,0.5035489680567276,18.645279255958645,81.6441054160241,0,True,eclipsing_binary,TIC_360286627.csv,3.5086601,9917.0,3.066271506758256,982.2607291828378,0.071148436649056,Success
16.86334018364932,10.27348754920085,8.0032e-05,11.861787726126224,0.0643191164574155,2973.362011817266,0.06369805430424906,0.9817196131449789,0.9844958524069434,0.001108676327417581,0.9842650183576425,0.9847371789130307,0.15195085121302737,0.12159055419315394,19.659790945451345,2.0,2.0,0.0,5.4837700454923464e-05,0.00023608027769411732,-0.0005756941634968982,0.8600124483566987,15.412081638410296,94.4430795829976,0,True,eclipsing_binary,TIC_238162973.csv,0.75,4427.0,1.3488175948609995,214.5117136431729,0.0115445161652187,Success
7.084253858359623,6.671108420986682,0.008083233,3.4853668512020177,0.03272444410596953,3238.75155480173,0.06348031577696424,0.9973404992732069,0.9975152449572983,0.00015290748734638856,0.9971782339060716,0.9980189098250661,1.9344813271957004,0.04637748605513159,17.923059233581036,6.0,5.0,1.0,4.349638837157949e-06,0.0008544760935529699,-7.58147309096735e-05,1.109714877085922,15.711019818762814,27.279926917050034,0,True,eclipsing_binary,TIC_91869778.csv,1.94,6539.0,0.649742049986723,2133.270150880828,0.10381232551371,Success
,,,,,,,,,,,,,,,,,,,,,,,64.34032366692554,0,True,eclipsing_binary,TIC_308425348.csv,,,,,,Required feature(s) not computable: ['FAP']
,,,,,,,,,,,,,,,,,,,,,,,38.584927750052884,0,True,eclipsing_binary,TIC_243153196.csv,,,,,,"Required feature(s) not computable: ['FAP', 'depth_mean_even', 'odd_even_mismatch', 'depth_consistency_std', 'transit_shape_ratio']"
19.899362133605102,18.79549103025127,8.0032e-05,4.030422266775266,0.006458013835983767,2229.2851704942163,0.028259367447596703,0.9978317797154536,0.9978981754264125,0.00015618813564751249,0.9979079356187766,0.997878893095157,0.061362461084530265,0.041875388417624664,30.420775006761783,7.0,6.0,1.0,5.961208503339782e-07,0.00013448852234442888,5.4394441493577084e-05,-0.05931154129577082,35.30977052355478,166.06656916707288,0,True,eclipsing_binary,TIC_287474726.csv,4.23822,9988.0,4.03055500007876,3875.211985496785,0.0220790274026208,Success
,,,,,,,,,,,,,,,,,,,,,,,72.10976404102985,0,True,eclipsing_binary,TIC_41173048.csv,,,,,,Required feature(s) not computable: ['transit_shape_ratio']
20.862866216339775,19.624592443128474,8.0032e-05,6.999571021368839,0.0416103372705785,2611.957964249471,0.0337055692653038,0.9952520121559926,0.9931065808135805,0.0005067605441987832,0.9932500134165486,0.9924611341002236,0.6942250774311761,0.061967210432945966,12.579169056645359,4.0,4.0,0.0,3.2142701421985104e-06,0.0010477199339737366,-9.205201998252477e-05,1.1744260470996983,29.52782088687331,76.35053675004747,0,True,eclipsing_binary,TIC_99330090.csv,1.06,6307.0,2.445978725891822,276.8139924091972,0.0621691711467754,Success
9.008574057326019,8.600909740831602,0.000160064,3.841299068075366,0.03831000268336937,3236.5223035432637,0.15172917617916518,0.9979796125897661,0.9980811799143084,0.00019846441674879693,0.9980459298342649,0.9981340550343731,0.1566660580063724,0.04042262136510544,9.505901288562283,6.0,5.0,1.0,2.1993334902063165e-05,0.0001964649107597776,2.1117475832443944e-05,-0.1392966384262195,6.577374488683242,19.240072333952412,0,True,eclipsing_binary,TIC_437893926.csv,2.02,6733.4,4.413817591870408,3640.0238190410496,0.0255814009833548,Success
,,,,,,,,,,,,,,,,,,,,,,,2.2009689160622656,0,True,eclipsing_binary,TIC_69838258.csv,,,,,,Required feature(s) not computable: ['transit_shape_ratio']
,,,,,,,,,,,,,,,,,,,,,,,56.7023948749993,0,True,eclipsing_binary,TIC_148233571.csv,,,,,,Required feature(s) not computable: ['transit_shape_ratio']
5.949315054661707,5.159173393531235,0.062184874,0.6740497296556345,0.001752109731692042,1410.9423907492119,0.022529062998013254,0.984422099311505,0.9850766179717769,0.0024424530194578423,0.9809228205154592,0.9891282728676933,1.1913827546921463,0.11224360641845174,5.937320438094391,38.0,31.0,7.0,0.003031594553173186,0.0127630979026118,0.003962882461014172,0.5693920213469672,43.69565211825797,63.28407112497371,0,True,eclipsing_binary,TIC_77228304.csv,1.0,5780.0,0.438025319189985,233.06135943523822,0.0243394634047512,Success
10.579890340046724,9.980867912062749,8.0032e-05,5.2125299041487,0.060040810501459596,2205.1538895656904,0.20177689071396318,0.9985996468732584,0.9987744151085651,4.4536469292185036e-05,0.9987729620998426,0.9987765946216488,0.028498804767241353,0.03365316614008636,26.078290879381857,5.0,5.0,0.0,1.504428056881819e-06,0.00016190795138572108,-4.1034104239390246e-05,2.386341870473833,4.949028817620462,16.228405624977313,0,True,eclipsing_binary,TIC_52548453.csv,2.27,6080.0,2.793576901701631,172.41417630498023,0.1222917055936862,Success
19.729276618493486,19.52477653663551,8.0032e-05,1.12762588242005,0.0036291663330290103,1492.296108188609,0.02516554517321717,0.999296507009826,0.9993675773486896,1.9419967974607778e-05,0.9993646771551112,0.9993705266980916,0.10648773039466296,0.023852671879754764,37.602655027592746,22.0,21.0,1.0,1.0176876849864717e-07,8.920799168398289e-05,0.00010139650461216121,0.3743044284559165,39.708915508547896,63.87420083291363,0,True,eclipsing_binary,TIC_19451711.csv,1.0,5778.0,1.1279786334003998,894.8351269280064,0.0281106840293636,Success
6.461612118320399,6.40152006722373,0.023609444,3.0801203230138032,0.030818067257108783,1469.6086051342927,0.06304414365265404,0.9996834823695584,0.999730635235831,2.7838796176291857e-05,0.9997622809181652,0.9996878899484996,0.9378330553147012,0.015999488542439325,9.154691233835388,7.0,7.0,0.0,2.716937050179008e-07,6.427278791329537e-05,3.321255702715131e-05,0.26594680476708654,15.856880979736706,17.656079624895938,0,True,eclipsing_binary,TIC_339636032.csv,1.98,6636.0,1.0270133292006214,389.55519301397953,0.1440168587526041,Success
10.158770776539649,10.145395205139492,8.0032e-05,1.573547842564026,0.008117225657158778,2307.642416669254,0.03586350891648158,0.9967963936275154,0.9971912612291456,0.0001726201644038594,0.997087664127378,0.9972903322439426,0.41589139400298775,0.05090104766846101,37.67611508456096,16.0,16.0,0.0,2.494852236837803e-06,0.000652988234635124,0.0002523462072492322,0.4614113983606119,27.794168048331255,45.262254083994776,0,True,eclipsing_binary,TIC_467281353.csv,1.48,5408.7,0.7878330701820658,14259.91741667365,0.0220374860598449,Success
14.43587628877494,14.156037265202194,8.0032e-05,4.553150167178504,0.02478761606154878,2229.7171669729028,0.03206803613610903,0.999680404097254,0.9997156092429621,5.939512038867829e-05,0.9997037116222548,0.999727506863669,0.14167632542869163,0.016077101304209765,5.213759959508299,6.0,6.0,0.0,3.4543900985991897e-07,7.59007365573991e-05,-7.0281502684288455e-06,-1.6681807458415783,31.173733241855768,36.109680916997604,0,True,eclipsing_binary,TIC_169904935.csv,1.09,5613.0,0.7585963276887467,63.49924424242648,0.0216410182607443,Success
13.754605542995035,10.58645958311892,8.0032e-05,5.651247764798751,0.026707838143863682,3666.9663331657457,0.054371744366229484,0.9919701422872904,0.9923084084628775,0.0004502323406451683,0.9928065416377958,0.9918677521927575,0.7374557841816984,0.08058627318069672,17.791118475186575,5.0,4.0,1.0,2.709489213245015e-05,0.0005458356938224737,0.0009870298173859648,0.07585539927383105,18.244221403045646,137.95075070799794,0,True,eclipsing_binary,TIC_172630205.csv,3.19,5220.0,5.6446764792385755,11695.133628862432,0.0912222552133132,Success
,,,,,,,,,,,,,,,,,,,,,,,55.682287957984954,0,True,eclipsing_binary,TIC_80029842.csv,,,,,,Required feature(s) not computable: ['FAP']
15.659199999835703,14.64585829301535,8.0032e-05,5.3584820747578545,0.01797641818652096,1495.15429902193,0.040109715700820926,0.9981088375550983,0.9984142069037804,0.0002082925097980476,0.9985481071523745,0.9982803066551857,0.45597073050674003,0.03910853650182109,8.78458604711828,4.0,4.0,0.0,3.774519650556266e-06,0.00016614502432156847,9.832857534797235e-05,0.37217112066889013,24.884465524513054,117.77866316691507,0,True,eclipsing_binary,TIC_175180796.csv,0.62,4146.6,5.359122329791226,3863.848184363028,0.0284309177149561,Success
,,,,,,,,,,,,,,,,,,,,,,,36.19414116698317,0,True,eclipsing_binary,TIC_130191319.csv,,,,,,"Required feature(s) not computable: ['FAP', 'transit_shape_ratio']"
,,,,,,,,,,,,,,,,,,,,,,,108.97142574994359,0,True,eclipsing_binary,TIC_33878688.csv,,,,,,Required feature(s) not computable: ['FAP']
9.314427466485613,8.410589674453337,8.0032e-05,2.8897533495960412,0.017879667669160382,2392.7262236314555,0.03101389809424257,0.9895666376112296,0.9912072547004259,0.0008990469140053521,0.9914079150378995,0.9910065943629521,0.15783930587870165,0.09185848807768404,70.81632208977216,10.0,10.0,0.0,5.307622609601275e-06,0.010720652365003832,0.00010743309688354685,0.08507192212988074,31.907199623994803,46.899797333055176,0,True,eclipsing_binary,TIC_258801269.csv,1.62,6004.0,8.669809166173895,49784.24799085401,0.0316700775205093,Success
8.971829337021644,8.546223334292684,0.000240096,2.151745813092524,0.018747857086548247,2256.181437581287,0.05505594055816265,0.9997157088349915,0.9997548633546839,3.551483507351692e-05,0.9997502466740338,0.9997595286319724,0.09242531005005745,0.015163128954824051,8.911074748846874,12.0,10.0,2.0,2.9598651463478867e-07,8.894863059241989e-05,5.276319723401812e-05,6.182889083835242,18.158180546908714,11.178885332890786,0,True,eclipsing_binary,TIC_90544017.csv,2.17,8904.0,2.1565936472366984,1480.4407205771809,0.0208126900362173,Success
8.560604998532925,8.422036263363632,0.000480192,2.189231016520402,0.013275399599270266,2964.74135125809,0.027539535694709145,0.9969276799497473,0.9971285581416628,0.00045556778203468184,0.9971974263801541,0.9970413831562311,0.12257968719875319,0.049847154789836076,7.797929208849615,11.0,9.0,2.0,2.4406849849661056e-05,0.0007321357844491292,0.00026716138463678263,-0.3765764886609146,36.19987246703203,37.073591624968685,0,True,eclipsing_binary,TIC_130611752.csv,1.48,5643.0,2.187309737891087,7829.5935864232115,0.0131186245564031,Success
,,,,,,,,,,,,,,,,,,,,,,,24.088096042047255,0,True,eclipsing_binary,TIC_269269740.csv,,,,,,Required feature(s) not computable: ['transit_shape_ratio']
9.085763569534546,9.116260894268757,8.0032e-05,1.4952798597455417,0.012080338578399963,2255.912146102278,0.08325948332637707,0.9952943595942642,0.9954275934842196,0.00010626413513701148,0.9955298043829566,0.9953186404417664,0.7034789711423955,0.06169024783658163,75.63743935007614,17.0,14.0,3.0,3.520934262917706e-06,0.0005949060913801703,0.0019860667763114126,0.9401313535028893,11.95412606264576,28.526081042014994,0,True,eclipsing_binary,TIC_90448944.csv,1.52,6902.0,0.7458202106740948,7603.272027673968,0.0829068749316691,Success
14.203095134148553,12.970650521512995,8.0032e-05,6.894935355467479,0.05241228957459443,2336.789949087366,0.17863132210237262,0.998023833983223,0.9982690809508421,6.553509595952974e-05,0.998344772349258,0.9981909078672324,0.8312754253206238,0.03997779716378048,25.736015802844182,4.0,4.0,0.0,2.193188484668434e-06,9.03837509867895e-05,2.113113799007138e-05,0.43485285527850037,5.587059549451586,32.870194207993336,0,True,eclipsing_binary,TIC_394509844.csv,1.41,5488.0,8.580478288772854,103.82159507316135,0.0315558933094086,Success
,,,,,,,,,,,,,,,,,,,,,,,29.624296457972378,0,True,eclipsing_binary,TIC_66356824.csv,,,,,,Required feature(s) not computable: ['transit_shape_ratio']
7.414784969392763,7.231376298273112,0.004481793,2.702571199365513,0.003423210149983813,2883.0498503942244,0.03115452438106067,0.997939167910066,0.9982569837916525,0.0003503859038356003,0.9983754562948716,0.9981385112884336,0.23926174698064334,0.04082521221909491,5.091237288358545,10.0,10.0,0.0,2.627673842603262e-05,0.0009423446471163592,0.00027775033712862385,-0.8690394794896649,32.03191792318707,204.66526362497825,0,True,eclipsing_binary,TIC_470911286.csv,3.11,4949.0,2.702670918954415,5141.594331181997,0.0167828063645321,Success
,,,,,,,,,,,,,,,,,,,,,,,33.862789042061195,0,True,eclipsing_binary,TIC_108939482.csv,,,,,,Required feature(s) not computable: ['transit_shape_ratio']
8.943672799398511,8.260637463312193,0.000240096,2.898106766804369,0.02035773076500247,3667.4499092193428,0.04727881045697097,0.9969318760085325,0.9973991154009874,0.00029328473933681756,0.9972986439787705,0.9974744689676498,0.21231582675034186,0.04981310347789363,8.408583351386685,8.0,7.0,1.0,2.2667004973020434e-05,0.0007255243280322928,0.00028568224857117297,0.5445732635655582,21.08623009700831,25.890144667006098,0,True,eclipsing_binary,TIC_319735319.csv,1.51,6570.0,12.697533907876704,7865.026176290035,0.0170827487008528,Success
15.74070159337449,13.525819032525554,8.0032e-05,5.164179609974463,0.016886501257034947,2423.8640091362563,0.0374256135022245,0.997652316363128,0.998033860921169,0.0001182578966958688,0.9981274006756939,0.9978935512893815,0.696401001180306,0.043573950260680075,23.62667036518383,5.0,5.0,0.0,9.239155364596706e-07,0.00043382135206261683,7.645165380965047e-05,-0.24563695273291625,26.656939539650555,186.80326750001404,0,True,eclipsing_binary,TIC_42123111.csv,6.37,11348.0,5.159831580680629,3447.0274655655776,0.0452276532116154,Success
25.504911472324114,23.885927706743736,8.0032e-05,1.0383532873141994,0.0016747793785181209,3666.3455021926097,0.01903613869983832,0.9943427656735798,0.9942710992783088,0.0003806752188625592,0.9943658509640191,0.9941678738646081,0.18348596369639217,0.0676408771490459,17.6608018637846,23.0,19.0,4.0,2.7233723905780895e-05,0.001630597094285926,0.0010302189958253383,0.21041479462448767,52.23447787139863,137.6569250000175,0,True,eclipsing_binary,TIC_172630205.csv,3.19,5220.0,1.0381107861030625,18739.956229886,0.0212559809560937,Success
16.038067736151618,14.316619626484671,8.0032e-05,2.9092325494723754,0.01169607412328233,1684.916864685052,0.030395851160486757,0.9994939249266921,0.9995174200490533,5.717345611614022e-05,0.999369628219391,0.999661852973496,1.8756512670279661,0.020230872831832346,14.515700315969376,9.0,8.0,1.0,1.9542625256978806e-07,0.00017400562542342347,3.605370110149053e-05,-0.2526577852021227,32.882577284954905,53.117121665971354,0,True,eclipsing_binary,TIC_298073824.csv,1.0,5778.0,5.8173119360820325,1989.1159574983997,0.016746408919502,Success
16.794635368919213,9.729718275424295,8.0032e-05,4.151077350838783,0.013715183395321962,3288.0482201304817,0.04448922957087991,0.9914556189519712,0.9921231509101557,0.0007855091241702116,0.991954250614363,0.9922076010580521,0.11802998559170837,0.08312802278770551,9.336280644759299,6.0,3.0,3.0,6.7871934093149e-05,0.0007183559082127568,0.0002149066822672019,1.8617766264542466,22.28529530664026,65.69184258405585,0,True,eclipsing_binary,TIC_307956396.csv,0.73,4460.0,10.292423761231372,3044.838382330384,0.0398483016414416,Success
,,,,,,,,,,,,,,,,,,,,,,,20.05858429207001,0,True,eclipsing_binary,TIC_238197709.csv,,,,,,Required feature(s) not computable: ['transit_shape_ratio']
,,,,,,,,,,,,,,,,,,,,,,,17.201541166054085,0,True,eclipsing_binary,TIC_241174783.csv,,,,,,Required feature(s) not computable: ['FAP']
17.069360932139055,16.374407762836608,8.0032e-05,0.4037364519517526,0.0011432168115919905,1354.4721683233074,0.04350773910556783,0.9995134768739026,0.9995751490284269,3.2457216376326285e-05,0.9994666277085594,0.9996829687018299,2.3641967120535154,0.019836218849147987,12.907215218496525,67.0,62.0,5.0,2.001516511261914e-06,0.000291879656414892,0.00044583957780430783,-10.75430367849604,22.973234128499946,129.01452820794657,0,True,eclipsing_binary,TIC_279251651.csv,0.555,4119.1,1.1035234774357794,987.0783686052321,0.0227991926414025,Success
,,,,,,,,,,,,,,,,,,,,,,,1.2949193749809638,0,True,eclipsing_binary,TIC_316254876.csv,,,,,,Required feature(s) not computable: ['transit_shape_ratio']
14.23552939120636,12.974997069936478,8.0032e-05,4.56480337482523,0.02378568249279489,3130.5603480941963,0.029851615238126326,0.9990431070591452,0.9990482073913268,9.430799169889126e-05,0.9991685618714555,0.9989335840769183,0.9051019902547021,0.02781882754388285,10.917117723613512,5.0,4.0,1.0,6.21147253479316e-07,0.0001706611409164479,4.934873509709892e-05,0.03346728777058854,33.466969847017616,43.46503937500529,0,True,eclipsing_binary,TIC_100504381.csv,1.0,5778.0,4.561506517883644,1401.2505803884246,0.0362132485747188,Success
18.00003237315781,17.699666803275964,8.0032e-05,1.385071198615269,0.006738625887571459,2088.748819875988,0.06490644554939931,0.983945486735719,0.985139375841493,0.00016644225382262735,0.9853179929332152,0.984935632186409,0.8094077382082988,0.1139477406642503,91.17377377647384,18.0,15.0,3.0,2.079683743186618e-05,0.0009021266093225674,0.010605438828763636,1.066001009865373,15.159441845985127,61.292391500086524,0,True,eclipsing_binary,TIC_77031413.csv,0.93,5444.0,13.226485730961173,22995.732167800375,0.0649360185561876,Success
6.872968031876387,6.627572761839772,0.011844738,2.202560082828233,0.013383278703308132,2964.0699778971825,0.027539535694709145,0.9973459471238414,0.997735515885137,0.00033230580560445925,0.9972770948529204,0.9983520131353594,1.1583680667357783,0.046329960755360826,6.566859973287525,11.0,11.0,0.0,2.4231997808618637e-05,0.0013168988533420645,0.0001743780117503535,2.8002330973849965,36.21506034742082,34.80554958304856,0,True,eclipsing_binary,TIC_130611752.csv,1.48,5643.0,3.677722161366452,1761.3844661982237,0.0648324776577538,Success
19.636286291932958,18.264668517324232,8.0032e-05,0.5311776049710458,0.001440692279370881,1468.3302084182535,0.054676725942444576,0.9837780504598506,0.985451587097652,0.001117436765712318,0.985716769012969,0.9851774342109103,0.17057956701673688,0.11454039327065303,13.276598495338087,41.0,39.0,2.0,0.001818422127472839,0.005249553813515112,0.01382727738320344,0.2937429678111761,17.99262910320241,429.9953037080122,0,True,eclipsing_binary,TIC_53593457.csv,0.193,3085.0,4.788894051442931,3446.0846136388222,0.0210645742371863,Success
,,,,,,,,,,,,,,,,,,,,,,,29.086751167080365,0,True,eclipsing_binary,TIC_452483795.csv,,,,,,Required feature(s) not computable: ['transit_shape_ratio']
5.747369117470264,5.89842849224371,0.085394158,9.783225834938428,0.17216614224610982,2256.6236239704785,0.06039284539297397,0.9973139638546671,0.9977510223028299,0.0001442808380023202,0.9979018648466874,0.9974493372151149,1.0999221047975714,0.04660827965649446,18.56938741741086,3.0,3.0,0.0,1.913122041628e-06,0.00029464358485900886,0.0001101912996508414,-0.07576189550229492,16.5137767125424,16.755933124921285,0,True,eclipsing_binary,TIC_145982812.csv,2.65,6991.1,1.6306140712021615,2359.8904280022202,0.0703401146472568,Success
,,,,,,,,,,,,,,,,,,,,,,,53.97128050005995,0,True,eclipsing_binary,TIC_198384408.csv,,,,,,"Required feature(s) not computable: ['FAP', 'transit_shape_ratio']"
7.613177858395978,7.4871111620731625,0.003121248,1.9878462931947882,0.024423312027817,2229.5188097051855,0.08121841443405094,0.9995662780464373,0.9995957553798679,3.3393379449028964e-05,0.9996024451530423,0.9995891120634516,0.14116920134129535,0.01872892495430144,18.01087712559835,13.0,12.0,1.0,3.039905954845159e-07,3.088894924568317e-05,9.773574228311155e-05,0.9280503296123402,12.307138535166573,14.222343415953219,0,True,eclipsing_binary,TIC_238597883.csv,2.15,9219.0,1.9936328852647216,2853.027827847576,0.0332908457252396,Success
,,,,,,,,,,,,,,,,,,,,,,,34.47869733301923,0,True,eclipsing_binary,TIC_278199349.csv,,,,,,Required feature(s) not computable: ['transit_shape_ratio']
6.853273303347925,6.61394390253669,0.012084834,6.514717247982479,0.09766716139080289,2992.7015123232595,0.07969761137610888,0.9991649774154686,0.999303857658888,6.589815392877679e-05,0.9993032301546562,0.9993044851631201,0.006735792977643876,0.025987006661786938,10.635269239231182,4.0,4.0,0.0,5.878300109723309e-07,0.00013569263262966648,-3.663213669735654e-05,0.22683619380576273,12.536950106323895,8.500507124932483,0,True,eclipsing_binary,TIC_146208651.csv,2.65,4951.7,6.661517973661519,1914.2198900208296,0.0062761323436376,Success
9.322820727074042,7.818083623859586,8.0032e-05,3.4005157183013814,0.02894843241033307,1440.512604229422,0.05498064698773591,0.9967384233978012,0.9972043295141848,0.0004942033338051139,0.9962089094600515,0.9988633629377407,2.6575145627655767,0.051359517881579726,10.131589223097922,7.0,6.0,1.0,1.1998232240672778e-06,0.0013405799934174878,0.00020067134217804927,2.8378958927354576,18.128895857121062,1.3958575419383124,0,True,eclipsing_binary,TIC_449197624.csv,1.92,6121.0,0.5491598172216499,177.73785048502688,0.0221448862183617,Success
17.51405825657493,15.054249156502681,8.0032e-05,9.716280002246528,0.05839116947219747,1687.9975314846445,0.04252782027891719,0.9982390758967171,0.9985423127671497,0.000125903292735517,0.9985401887095499,0.9985465608823493,0.01727608733548524,0.037737877106827675,50.5181239814337,3.0,3.0,0.0,7.21640082366118e-08,3.1671982651610124e-06,7.60527577803316e-06,0.043539988293840724,23.47261320589209,58.20428887498565,0,True,eclipsing_binary,TIC_224600500.csv,1.0,5778.0,9.724618591479622,5724.212685512042,0.0337959283246974,Success
8.921482946430173,8.305935181893148,0.000240096,11.638164690411251,0.17248777733440424,2235.3804344824835,0.049308720809966594,0.9994081681154925,0.999490915436473,0.0001474005984277341,0.9995516007570558,0.9994302301158906,0.2941906035137673,0.021877934925295134,5.539389261146946,2.0,2.0,0.0,4.919953853913019e-07,6.068532058262077e-05,-2.4229773080364225e-05,-0.1738381498861639,20.268385626290385,17.256568667013198,0,True,eclipsing_binary,TIC_50365310.csv,2.16986,10249.0,11.638550917382942,3267.4652620447996,0.0096295976238157,Success
,,,,,,,,,,,,,,,,,,,,,,,32.03487766603939,0,True,eclipsing_binary,TIC_269238073.csv,,,,,,Required feature(s) not computable: ['FAP']
14.188049586638309,11.352862140530348,8.0032e-05,5.415243498466327,0.047269187202962026,1767.5802894323367,0.0421150383522646,0.9938409951202893,0.9942388929858623,0.0005692021582683009,0.993693770900574,0.9953291371564394,1.0383381243958087,0.07057687437444363,21.475683602751587,4.0,3.0,1.0,3.0274297783797956e-07,0.0007773932084179338,5.26221529933979e-05,-0.18346586669382822,23.598245045094416,2.163194708991796,0,True,eclipsing_binary,TIC_191146556.csv,1.49,6116.5,5.407957702742079,7346.604059824346,0.0486556121936322,Success
15.881531165292017,15.58137854119601,8.0032e-05,1.4837578212250868,0.009359352207308436,1684.2077178989127,0.06291652355506677,0.9896111619186657,0.9910760081447944,0.00021264877336267608,0.9905280551801292,0.9916185223703561,1.8204873297355033,0.0916622757642374,49.47893523653,18.0,18.0,0.0,2.650265856541643e-05,0.000890351707635056,0.00274555286867717,-1.2301942844128422,15.7289549072514,52.155956249916926,0,True,eclipsing_binary,TIC_336267424.csv,1.31284,6835.31,6.949357167488499,12043.911224263626,0.0701372717104085,Success
,,,,,,,,,,,,,,,,,,,,,,,70.37526695802808,0,True,eclipsing_binary,TIC_129991079.csv,,,,,,Required feature(s) not computable: ['transit_shape_ratio']
,,,,,,,,,,,,,,,,,,,,,,,52.88806241599377,0,True,eclipsing_binary,TIC_408729765.csv,,,,,,"Required feature(s) not computable: ['FAP', 'transit_shape_ratio']"
13.874055538395375,13.00389923477294,8.0032e-05,1.45578051552661,0.007666896291450898,1684.3145681027752,0.01530825867229395,0.9990537445776523,0.9987752523492615,0.0002397595720558298,0.9987183640716458,0.998843728979725,0.18380300743197356,0.02766376823254052,19.90662790266075,18.0,11.0,7.0,5.264112748661873e-07,0.0003265954192063414,2.053267503843159e-05,0.46717493947517447,65.26240286139245,31.453327708062716,0,True,eclipsing_binary,TIC_122220263.csv,1.65,6277.0,1.4568603904418456,9106.471921664028,0.0036982750246816,Success
15.560423244799011,14.587554547799279,8.0032e-05,1.5614372463513515,0.005599509140858605,1931.9517413777799,0.0549621158443693,0.9975915952169883,0.9976955473739624,3.331353961313515e-05,0.9977277893282541,0.9976635833675525,0.6841937260678843,0.04413385739158482,64.39254524726591,15.0,12.0,3.0,5.921512200644152e-07,8.926496858516599e-05,0.0008066439950700222,0.9774736405466331,18.1505311411549,175.91643429198302,0,True,eclipsing_binary,TIC_202428245.csv,3.37,5019.0,1.5607469653561843,2726.1901107700214,0.0757678260464872,Success
,,,,,,,,,,,,,,,,,,,,,,,32.30905216699466,0,True,eclipsing_binary,TIC_468977648.csv,,,,,,Required feature(s) not computable: ['transit_shape_ratio']
,,,,,,,,,,,,,,,,,,,,,,,62.31741858297028,0,True,eclipsing_binary,TIC_444977814.csv,,,,,,Required feature(s) not computable: ['FAP']
,,,,,,,,,,,,,,,,,,,,,,,92.09970120911021,0,True,eclipsing_binary,TIC_165551882.csv,,,,,,"Required feature(s) not computable: ['FAP', 'transit_shape_ratio']"
,,,,,,,,,,,,,,,,,,,,,,,72.22705237497576,0,True,eclipsing_binary,TIC_20182165.csv,,,,,,"Required feature(s) not computable: ['depth_mean_even', 'odd_even_mismatch', 'depth_consistency_std', 'transit_shape_ratio']"
25.049619489190256,24.222679002917282,8.0032e-05,0.44304227623995457,0.0008302899536349606,1518.1896734820311,0.028333483589740485,0.9888785439972639,0.9891337559528807,0.0001743552191941639,0.9891514633446631,0.9891151951928194,0.07357380993604742,0.09483921943063846,73.28633457167811,54.0,41.0,13.0,1.9389423192374065e-05,0.0012580874690434748,0.008952656290229566,0.9446950794681858,34.901410582471954,169.95625020808075,0,True,eclipsing_binary,TIC_119081096.csv,0.52,3776.0,0.4427647109220758,15713.682160053644,0.04289960150531,Success
8.804097696455981,8.233458954646988,0.000240096,5.252266644522067,0.03456632367159118,2855.7389404789988,0.12140563020648161,0.9992899288782219,0.9993373847878929,7.260086989577963e-05,0.99944934285873,0.9992626036337077,0.9175770138697608,0.023963931641908347,8.942401276113975,6.0,5.0,1.0,2.3935915862171365e-06,0.00010558657757675667,3.390440687223162e-05,0.30117075240630214,8.231001537397166,60.137055124971084,0,True,eclipsing_binary,TIC_272625214.csv,1.44,6651.0,4.750061687709045,1076.5460557560225,0.0359294094235445,Success
,,,,,,,,,,,,,,,,,,,,,,,56.89843545795884,0,True,eclipsing_binary,TIC_253030300.csv,,,,,,Required feature(s) not computable: ['transit_shape_ratio']
8.15069832588392,8.231642953770166,0.001120448,2.239111092047529,0.01622185036118906,1327.0701517133741,0.04729797545504662,0.99881300705135,0.9989845169569742,4.708910981468659e-05,0.9990430294679424,0.9989274385761768,0.8698104518485701,0.03098355285019262,24.35494982757776,12.0,12.0,0.0,7.1191124335162e-07,0.00020954627756824144,0.00018207641885759074,0.40421767053268937,21.117457934339097,41.842003541998565,0,True,eclipsing_binary,TIC_382437043.csv,2.04178,6516.0,0.5602724980003891,1686.6267659851885,0.0469988105847001,Success
,,,,,,,,,,,,,,,,,,,,,,,50.227700707968324,0,True,eclipsing_binary,TIC_140706664.csv,,,,,,Required feature(s) not computable: ['transit_shape_ratio']
16.766417740841426,16.591968900086126,8.0032e-05,2.0638105432111855,0.011045928284683315,1325.3122772863464,0.044595574161061136,0.9944036213227038,0.9950539004584601,0.00021804664058863312,0.9951399131086262,0.994958378872095,0.2941611111235756,0.06727608234181987,144.36479423170357,14.0,14.0,0.0,9.756963076460283e-07,0.0014020379268258538,0.00016395008640901487,0.2043926057731775,22.298258067747284,57.33678745897487,0,True,eclipsing_binary,TIC_260043723.csv,1.55,6278.0,2.0610237628375585,12721.87171322181,0.0346385078217803,Success
12.20907239908861,11.978253945429694,8.0032e-05,2.812668396000367,0.018149710341508474,1900.502946338457,0.023962911872607656,0.9938715142371672,0.9943243610038387,0.00035837441286362876,0.9942828110382365,0.9943755457440734,0.09153770849838969,0.07040179586268373,24.780547657639776,10.0,9.0,1.0,8.161719353032191e-06,0.00039374449528052337,0.0002343865503208198,0.08778926661033003,41.47540664176443,49.58264741697349,0,True,eclipsing_binary,TIC_307734817.csv,1.59204,6351.66,2.8131970786581495,10466.776370834817,0.0203727264421382,Success
,,,,,,,,,,,,,,,,,,,,,,,1.8638222500449046,0,True,eclipsing_binary,TIC_402848417.csv,,,,,,Required feature(s) not computable: ['transit_shape_ratio']
8.732227988887049,7.874583770473895,0.000240096,2.6215290425166,0.01903837894860172,3313.1887268794603,0.024010295017552426,0.9969018892086308,0.9972332128252203,0.00016665161353162812,0.9972587282256175,0.9972073526221147,0.10951484867326322,0.050055939732661786,23.83312763949127,11.0,10.0,1.0,2.1957997059516084e-06,0.0003483459327782126,0.0002651196221743479,0.07544473364275982,41.51976843599206,49.42390858300496,0,True,eclipsing_binary,TIC_302814895.csv,1.86,6521.0,0.2381660117391036,4433.4605906996,0.049263132460747,Success
16.04843378168031,15.935959310995333,8.0032e-05,0.6036290268579789,0.0015468963321406681,2229.410584456022,0.021938392969156187,0.9939174966373927,0.9946602952566252,0.00017144417985116373,0.9969849913694049,0.9921616422918694,12.284447024035288,0.07013718410735242,75.0338763384597,41.0,39.0,2.0,3.7124739483357274e-06,0.002691327331138225,0.0010584220350102758,0.6886722708273714,45.30493632941892,87.58377899997868,0,True,eclipsing_binary,TIC_279999655.csv,1.0,5778.0,1.207968681426015,13571.79143469922,0.0266247733643996,Success
,,,,,,,,,,,,,,,,,,,,,,,1.0821635420434177,0,True,eclipsing_binary,TIC_49617263.csv,,,,,,"Required feature(s) not computable: ['FAP', 'transit_shape_ratio']"
7.865598209534771,6.287266659468912,0.002080832,4.495944094717611,0.03507542591088697,1522.3356428657326,0.045550666596470876,0.9908364960873475,0.9920862542834821,0.0012895091999360882,0.9936363788431424,0.9905122816536732,0.8615194787862674,0.08608707097676009,6.685018456045421,5.0,4.0,1.0,0.0001830718865553735,0.003854778231292295,-0.00043945071464124297,-3.1190492905459584,21.752403864142668,69.95708170894068,0,True,eclipsing_binary,TIC_348755723.csv,1.0,3267.0,4.88682120491975,8332.491654243213,0.0893799791294325,Success
9.159890896001823,8.307568437964557,8.0032e-05,11.299502772168278,0.22018034244041562,1962.4175414327146,0.05838147245300897,0.9984943980505501,0.999276866797191,0.0002925669312718071,0.9960841060988477,0.9998998444944288,7.362003354942541,0.03489492193167412,4.938301411811022,2.0,2.0,0.0,1.039791150916828e-06,0.0019078691977905682,-6.0654744345134404e-05,0.21958787793893583,17.102932764401146,46.91578475001734,0,True,eclipsing_binary,TIC_289539327.csv,2.01,6115.7,0.7968025593983465,255.59786173201536,0.0626477809235682,Success
6.456859640863667,5.362118923034378,0.023689476,0.5846848183916138,0.001464736353519569,1683.4751201777988,0.031680443537854035,0.9995771502522967,0.9996256761912178,7.135713294115876e-05,0.9995370524183652,0.9997050274566492,0.833765878825106,0.01849269405616936,5.182683851770195,46.0,42.0,4.0,4.889678005894804e-06,0.0004454468270459501,0.00020102574825331399,1.4813565645297317,31.55186729181778,135.38608504110016,0,True,eclipsing_binary,TIC_230386397.csv,0.71,4316.0,6.90496701101263,731.7856976811754,0.0667426490559064,Success
,,,,,,,,,,,,,,,,,,,,,,,1.942022708011791,0,True,eclipsing_binary,TIC_379723086.csv,,,,,,"Required feature(s) not computable: ['depth_mean_odd', 'odd_even_mismatch']"
,,,,,,,,,,,,,,,,,,,,,,,62.82805262506008,0,True,eclipsing_binary,TIC_141631253.csv,,,,,,Required feature(s) not computable: ['transit_shape_ratio']
8.003069521047442,5.584771675531359,0.001360544,13.581132621217977,0.13127115529492794,2825.4135880810645,0.16216040813096985,0.9974538489035721,0.9978221251736973,0.0001455533007487831,0.998879816607278,0.9955962372313858,10.825352714553548,0.045378405648899056,30.651032096581037,3.0,3.0,0.0,1.0251554666817181e-06,0.0018344227497135996,0.00010592933440600749,-0.4137411812719245,6.151031934366941,70.0641123750247,0,True,eclipsing_binary,TIC_431148743.csv,1.0,5778.0,1.9026466292512445,2917.278253960376,0.0159495390726678,Success
10.688229439844676,10.682165075076867,8.0032e-05,1.4985558796876601,0.008309971637259217,2037.3103060271153,0.04566334792958485,0.9954828316080749,0.9956989097779841,0.00010382953961784765,0.9957437017845673,0.9956317217681098,0.37575699117526523,0.06044220327692725,59.039773012130034,13.0,10.0,3.0,1.927086698965483e-06,0.00028737250369503434,0.0007608928690300276,0.8108193352056655,21.80047843060388,42.752642416977324,0,True,eclipsing_binary,TIC_341186896.csv,1.3,6635.0,0.7481353578304097,11807.875246307553,0.0901297384314704,Success
24.457343551288094,24.227937586015486,8.0032e-05,0.8235956327436268,0.0016142412223817404,1544.5964128840797,0.019234857895326005,0.9979453636785856,0.9981103247754936,8.245208267546596e-05,0.9972018050162191,0.9990851971014566,10.623384559796117,0.04076379674348227,83.94011438760107,29.0,27.0,2.0,2.2911702845453635e-07,0.0009545872048741146,0.00010889469557484599,-0.0078053596880674776,51.88212822310906,153.75355224998202,0,True,eclipsing_binary,TIC_447283466.csv,0.68,4634.0,1.6471847040122656,7966.352327273163,0.0195147401564638,Success
13.506519960078364,13.152698314365349,8.0032e-05,1.0638334938732539,0.0019509258018812758,3396.2310871662867,0.024657868288434893,0.9988168063533457,0.998892007011996,9.164865323494782e-05,0.9987644185655529,0.9990362374297146,1.0493967810047027,0.03093392735705693,11.842371534476866,26.0,17.0,9.0,2.5725832359217053e-06,0.00034852331086980516,0.00037714970141178306,0.8179190287285787,40.50702172100634,282.56282208301127,0,True,eclipsing_binary,TIC_326732851.csv,4.96,4963.0,0.5319248960290647,1184.626198768357,0.0421268322953724,Success
9.64473251924617,8.707943335689325,8.0032e-05,2.760638739202713,0.01925057076644121,3367.753375246479,0.0497900168035284,0.9978478332945118,0.9979402569017617,0.00022511942050041186,0.9979416161903505,0.9979385766700339,0.004718504716473806,0.04172007697816016,9.542937980503508,10.0,9.0,1.0,1.4954753074432093e-05,0.0008400806790156757,-0.00012070537014574612,-1.1702392365029324,20.041122645771,49.77401162497699,0,True,eclipsing_binary,TIC_199162630.csv,1.78,7776.0,0.7158328324964839,239.8818700596328,0.0492069249126163,Success
,,,,,,,,,,,,,,,,,,,,,,,82.42096845898777,0,True,eclipsing_binary,TIC_34505005.csv,,,,,,Required feature(s) not computable: ['transit_shape_ratio']
7.7600347080546115,5.987204959821239,0.002320928,11.407806176430835,0.06040188385423839,1358.500475873247,0.08258327788770246,0.9955694674931441,0.9961842660956478,0.00043474376599109805,0.9939075610369413,0.9986235929442618,4.435255313248039,0.05985977919203921,9.141836235096013,2.0,2.0,0.0,2.0126894675459006e-05,0.002358015953660253,-8.493652673391416e-05,-0.8076886589159008,12.055339688101617,357.2829033329617,0,True,eclipsing_binary,TIC_47484268.csv,0.334,3396.0,7.308425200672303,268.4397323929888,0.0058518363768861,Success
7.436339980510699,7.303250081172255,0.004401761,8.856286845222643,0.09538910098382303,2797.621332739152,0.07654511172046426,0.9990048833203183,0.9991569735276228,9.471050054426576e-05,0.9992265779487094,0.9990873691065365,0.5205416832108724,0.028369007996271997,8.52089411511848,4.0,4.0,0.0,2.1481254709612326e-06,0.00015795703307030064,1.6199792379101297e-05,-0.5880027800770407,13.051191132473525,54.11471308302134,0,True,eclipsing_binary,TIC_279177746.csv,1.87,9706.0,7.03755325727553,3059.2924198677983,0.0387431706322976,Success
,,,,,,,,,,,,,,,,,,,,,,,93.20712325000204,0,True,eclipsing_binary,TIC_37084932.csv,,,,,,Required feature(s) not computable: ['transit_shape_ratio']
13.796755477247462,13.030944112572849,8.0032e-05,0.7324024101579774,0.002693540786555648,1657.7560117581606,0.03893564756905824,0.9991291622726524,0.9992578371215574,7.173262105439286e-05,0.9993181314461774,0.9991994269945818,0.589637949862302,0.026538462879232543,11.416838711900773,34.0,33.0,1.0,2.715250103144838e-07,0.00034463560282247297,0.00041565946756094707,1.094193688791603,25.66103878201964,11.296658125007525,0,True,eclipsing_binary,TIC_61733521.csv,0.9,5420.0,0.7316625546990502,2188.090381626817,0.042709989598101,Success
11.831794236587205,9.930280076297828,8.0032e-05,5.948699282876687,0.05734718774193226,3263.046760916299,0.0549089775507464,0.9944867260237998,0.9945068593899454,0.0004570920469123763,0.9942086914050466,0.9946578795381407,0.33576452223902037,0.06677469826402722,12.755071559644788,4.0,3.0,1.0,2.1293581609500772e-05,0.00042005098284693377,-2.3783100641328048e-05,-0.34900883296670293,18.1115506130979,52.83311016589869,0,True,eclipsing_binary,TIC_350044062.csv,1.65,6031.2,1.2531480664773322,2364.2383817505943,0.0216230393302763,Success
9.755074595302384,9.483430914469682,8.0032e-05,3.260604770667733,0.019303962698911326,3315.7653990766285,0.09183456465881538,0.9933974320602408,0.9940570790910788,0.0001940248677247878,0.9939596432168357,0.9941301559967609,0.3059107788536499,0.07307411868288435,31.570341932657087,8.0,7.0,1.0,1.6744974902382985e-05,0.0007027498014863865,0.00042708816379144476,0.8646020313672631,10.817249863936526,73.58576462499332,0,True,eclipsing_binary,TIC_193628179.csv,1.41,5957.4,0.26274216178526,10999.781479237636,0.0253594933925156,Success
,,,,,,,,,,,,,,,,,,,,,,,1.654721583938226,0,True,eclipsing_binary,TIC_285674856.csv,,,,,,Required feature(s) not computable: ['transit_shape_ratio']
11.13848359802753,10.816082428932425,8.0032e-05,1.7001926364407192,0.010329959160669921,2420.7181555517377,0.025067629064434792,0.9986988380679148,0.9988292493482239,0.0001736667077034114,0.9986668141728935,0.9990148895486014,0.7123663003816104,0.032439400619830985,17.381115809735252,16.0,15.0,1.0,1.3256306913264674e-06,0.0003662997459982823,2.763378534598182e-05,-0.5272497948595486,39.84017936043417,52.907855040975846,0,True,eclipsing_binary,TIC_11111899.csv,1.79,7812.5,1.6989892508197624,15177.260082143373,0.0046234990819433,Success
15.365620118212732,15.230487590770634,8.0032e-05,1.2870471021294738,0.005739213812513744,3069.723098970841,0.07484111999203544,0.9797586261062535,0.9818445432150176,0.0004147848006038542,0.9814348198034268,0.9822944027975395,0.7345367123175421,0.12794612591464993,47.46214506488887,21.0,20.0,1.0,0.00015291967049579547,0.001926789703125577,0.010757154697603633,0.5373324474479856,13.091180706682623,113.05420087499078,0,True,eclipsing_binary,TIC_68322189.csv,1.01,5442.0,3.0833862492515687,2292.5498136312503,0.0320138104546559,Success
12.066807313011598,10.979919314439245,8.0032e-05,3.0758052369869597,0.0181498382559806,1327.8407504584472,0.06936332540730156,0.9944895263928744,0.9952180908812859,0.0002143374382065585,0.9935233606350999,0.9973085449413016,6.943613831259355,0.06675773760219009,27.00555420455598,9.0,9.0,0.0,1.376965181028908e-05,0.0019615830808289206,0.0009373792532245684,0.29711836776065614,14.337396896028705,120.7707068749005,0,True,eclipsing_binary,TIC_259962054.csv,1.0,5778.0,6.14317061017459,9142.007453536993,0.0893799791294325,Success
12.603917214457153,6.652705286491592,8.0032e-05,2.7985849866001464,0.01733331103186697,1713.7584921878504,0.020148400000346733,0.9944857471648001,0.9954497873095203,0.000900871253771828,0.9939676097303438,0.9964379056956378,1.2773802252316504,0.06678062578673491,13.15874104314067,9.0,5.0,4.0,5.717607569769742e-07,0.002014409362409271,-7.26964297526056e-05,2.25529156657287,49.35805062177076,2.2894187080673873,0,True,eclipsing_binary,TIC_190442486.csv,1.51,7465.0,5.590193228384688,32187.126820039215,0.0302822897428911,Success
8.99235355488094,8.627651846561868,0.000240096,2.6612950648338902,0.01856969154045962,2174.906367200366,0.04725078979913564,0.9990687947335255,0.9992154644300242,7.740708299471204e-05,0.9991910343793727,0.9992398944806755,0.22326532326430876,0.02744289086924429,13.516117492081026,10.0,10.0,0.0,1.1598753305599766e-06,0.00019109323523428207,0.00010483977375519427,0.2069663532593392,21.143959687882326,47.947499500005506,0,True,eclipsing_binary,TIC_146467675.csv,1.72,5888.8,1.328795844330873,3810.3634663152475,0.0253571394560781,Success
,,,,,,,,,,,,,,,,,,,,,,,61.52674733288586,0,True,eclipsing_binary,TIC_387413037.csv,,,,,,Required feature(s) not computable: ['FAP']
17.576902956713823,15.01550311356162,8.0032e-05,0.9530619698169287,0.0028612533597858203,1518.3677822521174,0.01775989414082635,0.999156669622279,0.9991966752870233,8.556175326591e-05,0.9991663490387691,0.9992293544338486,0.26014794563670296,0.026115961460031603,18.04259151756896,25.0,19.0,6.0,5.056037693383816e-07,0.00030214208238304096,6.548488827518018e-05,1.745406217377049,56.25915682264249,88.66537529102061,0,True,eclipsing_binary,TIC_184952758.csv,0.97,5653.0,0.9538180562622932,2880.707315461195,0.0095230337610665,Success
10.618281660599788,10.070048088574495,8.0032e-05,1.2320268961504264,0.00903699470524566,3209.134476682415,0.05689895488747791,0.9979089170552654,0.9980633868762818,0.00017299356375519357,0.9978066124082837,0.9983522581527801,1.114048823826688,0.04112375629188195,11.533659636140104,20.0,17.0,3.0,1.9781953284655796e-05,0.0008340703842380778,0.0010099763487233515,-0.5281131512351518,17.538264437874254,69.88075670890976,0,True,eclipsing_binary,TIC_113919944.csv,1.45,6186.6,11.812429695443573,2006.1820660164376,0.0178460011211507,Success
16.094531124056214,7.873950098407354,8.0032e-05,1.04427222451829,0.0034674494177897586,2501.422167495251,0.022685521152305176,0.9981452343732697,0.9982845959671961,9.356594980946344e-05,0.9982997790483381,0.998269412886054,0.11488543715562981,0.03873037181099734,19.017168791655124,23.0,20.0,3.0,2.676287953409589e-06,0.00035428116598552157,0.0003283921880635754,0.46650738946432146,43.99921992851567,126.5298429169925,0,True,eclipsing_binary,TIC_63013648.csv,1.03786,5509.85,1.043750832637249,2344.3941031876525,0.0307021630013106,Success
,,,,,,,,,,,,,,,,,,,,,,,188.33779195894022,0,True,eclipsing_binary,TIC_151728428.csv,,,,,,"Required feature(s) not computable: ['depth_mean_odd', 'odd_even_mismatch', 'depth_consistency_std']"
9.35689853746274,8.747388346066575,8.0032e-05,1.083337233124286,0.00605884721867056,1657.4846326840322,0.0531172839665197,0.9997093993619401,0.9997303887795409,3.415868383342201e-05,0.9997675677837792,0.9996934838220172,0.7678071003916829,0.015330468552229878,8.14481261789297,23.0,22.0,1.0,8.933597594496394e-07,0.0001414186323735419,0.000122785822705751,1.8505093462443845,18.820792870208987,73.33125795901287,0,True,eclipsing_binary,TIC_253990973.csv,1.21935,5525.0,0.5991835280451006,272.06895169240573,0.0068183093373133,Success
,,,,,,,,,,,,,,,,,,,,,,,197.6297812910052,0,True,eclipsing_binary,TIC_260298958.csv,,,,,,Required feature(s) not computable: ['transit_shape_ratio']
7.405789052506782,6.901782124606759,0.004481793,3.814430196960928,0.051958169111324004,2392.5453531048583,0.13903538809978244,0.9989879581478878,0.9991399553968531,5.031551328221505e-05,0.9991458777768003,0.9991320588902568,0.09594100773674476,0.028609244098643512,24.165541287321613,7.0,7.0,0.0,8.936986671816461e-07,6.64514468661981e-05,0.00020237654640442582,0.9922390817969097,7.185134459659562,45.04454316699412,0,True,eclipsing_binary,TIC_406855039.csv,2.1805999,5668.0,3.7973256921367335,3029.780347008404,0.0832994478392256,Success
19.273414783144005,17.917940409477403,8.0032e-05,6.343389125183286,0.04103735829274502,1357.779049988388,0.060031425342058284,0.9855110446630391,0.9846345394447076,0.0004019089953057873,0.9851994833089114,0.9840319326562241,1.0626487244433873,0.10824944632083414,19.610047304447082,4.0,4.0,0.0,1.7656914632175602e-05,0.0015595789010709232,-0.001088499248701913,0.19152428481979134,16.416585797315488,131.34829045902006,0,True,eclipsing_binary,TIC_120585579.csv,1.2666,6083.0,3.348530694513578,1653.0471533987568,0.1095634158517426,Success
10.519314396872655,10.531095476020928,8.0032e-05,2.168821925722094,0.01641510679776914,2390.9031997565,0.06187207353455035,0.9977701394679571,0.9981047696942066,4.3080496985909485e-05,0.9980823603533553,0.998130871960142,0.3979996743530795,0.04246645388173683,45.94767243842185,13.0,13.0,0.0,9.866802372138875e-07,0.00010887086959241275,0.0004344630089859747,0.7034818839400199,16.12634072964738,60.34600529191084,0,True,eclipsing_binary,TIC_406855039.csv,2.1805999,5668.0,1.0844939257969983,4115.911223687041,0.1427175188392849,Success
11.706330631679897,11.013167189443752,8.0032e-05,2.2749291104283365,0.007763085203446485,2038.073910300772,0.027586679339126726,0.9995745100994725,0.9996158944449688,7.077546967818233e-05,0.9996740493152985,0.9995584487803746,0.5804718128303978,0.01855033576654625,5.392376818601585,10.0,10.0,0.0,8.269962410428215e-07,0.00013726982181012793,5.979918163989684e-05,6.484970053274601,36.23395544681438,258.4713074580068,0,True,eclipsing_binary,TIC_141482386.csv,7.61,4709.0,2.274265362059563,435.91725473157703,0.0425606716499319,Success
13.747540950376512,13.226959494569343,8.0032e-05,8.479236787680636,0.07636125235023439,3241.372358658049,0.04431300773111281,0.9970083641510059,0.9965675600446313,0.0006165533154951767,0.9975719438996514,0.9943076963708364,2.4666354583542573,0.04918826580470153,10.32058887671073,3.0,2.0,1.0,2.840968737317427e-06,0.0016321237644075226,-7.601594522999022e-05,3.142617946906128,22.49922573978186,80.50801887502894,0,True,eclipsing_binary,TIC_229285649.csv,1.41,6287.0,1.6921959615928062,1677.0662933561775,0.0270819028558013,Success
,,,,,,,,,,,,,,,,,,,,,,,103.0815055409912,0,True,eclipsing_binary,TIC_239638934.csv,,,,,,Required feature(s) not computable: ['transit_shape_ratio']
9.539410283567426,9.117177949948843,8.0032e-05,2.2117168143928767,0.014003754287595704,2229.9928411275996,0.068363411111044,0.9981797443454765,0.9983635747636297,7.903701309394198e-05,0.998417320506282,0.9982830925601657,0.573808687986655,0.038368369272043186,23.029600401300314,11.0,10.0,1.0,2.4943812106248495e-06,0.00032629556568237084,0.000269652659745101,0.6816112180554379,14.601081603785305,47.31835870805662,0,True,eclipsing_binary,TIC_182943944.csv,1.61,6995.2,1.6433183279268189,17072.83382366043,0.0053735001346969,Success
9.804273731603676,9.506452131888935,8.0032e-05,1.9141915374301381,0.01872231036416061,2720.075875791061,0.08512679256774128,0.998188878753451,0.9984548313555961,0.0001108962426623455,0.9982877259804287,0.9986441268754337,1.1336187561436828,0.03827197810600503,14.727769593633328,13.0,13.0,0.0,8.687273071082617e-06,0.0004527891994310335,0.0007395851510235696,2.2024763626539205,11.725907304202998,35.09953233296983,0,True,eclipsing_binary,TIC_395773226.csv,1.69,5115.0,1.915822023552462,2153.452606658779,0.1105029419750838,Success
,,,,,,,,,,,,,,,,,,,,,,,27.972134291077964,0,True,eclipsing_binary,TIC_294090620.csv,,,,,,Required feature(s) not computable: ['FAP']
,,,,,,,,,,,,,,,,,,,,,,,83.45818637497723,0,True,eclipsing_binary,TIC_168871868.csv,,,,,,"Required feature(s) not computable: ['depth_mean_odd', 'odd_even_mismatch']"
8.675639985331339,7.449425447025164,0.00040016,4.892081789717022,0.024718781503449083,1327.2440578011783,0.04012245686655785,0.999596395119797,0.9996666414093812,6.216730389940666e-05,0.9997148171226784,0.9996179055133714,0.552163861979651,0.018066971159111045,6.328444492836042,6.0,6.0,0.0,4.799313058240606e-07,0.0002068702906504976,3.045393899525628e-05,0.12336650571836526,24.913638724675476,160.35224191693123,0,True,eclipsing_binary,TIC_167754523.csv,0.73,4913.8,4.898868260108786,656.6235734140058,0.0302747087324527,Success
7.728340768786755,7.852717319637634,0.002480992,4.004840720428111,0.01262545791230485,1494.9595943967065,0.06881662720891671,0.9978666187672076,0.9991790713576533,0.00023838896646596175,0.9991107087650886,0.9992424206934297,0.19499769319964902,0.04153759829384509,3.417101711574145,6.0,6.0,0.0,1.6663767258545634e-05,0.00033856576412941153,4.641828147944338e-05,-0.2639436676291225,14.500370902192545,149.80757191602606,0,True,eclipsing_binary,TIC_389371332.csv,0.64011,3917.0,5.844445615121816,4516.708725766816,0.0359381327792862,Success
10.576702063548149,9.972918787422747,8.0032e-05,5.2125299041487,0.060040810501459596,2205.1538895656904,0.20177689071396318,0.9986010504360587,0.9987752693094542,4.453306987127847e-05,0.9987729620998426,0.9987787301238713,0.04525775093553018,0.033636296761645715,26.070140039379627,5.0,5.0,0.0,1.5037669027893192e-06,0.00016147128229373995,-4.45882433401934e-05,2.386341870473833,4.949035773634083,30.642437167000026,0,True,eclipsing_binary,TIC_52548453.csv,2.27,6080.0,4.71815738006287,332.35666871622715,0.0021800242532262,Success
,,,,,,,,,,,,,,,,,,,,,,,44.68284224998206,0,True,eclipsing_binary,TIC_201233610.csv,,,,,,Required feature(s) not computable: ['FAP']
17.03363648855532,16.964633136617497,8.0032e-05,1.086950476053804,0.0031146169642574106,1843.2789057074667,0.03699424564152083,0.9954427287502662,0.9959146967579908,6.329666121213272e-05,0.9958649479170092,0.9959647875154054,0.5579622176294625,0.06070990959655784,69.66837825185571,24.0,22.0,2.0,2.0402691068867483e-06,0.0002608360702739521,0.0009301176989507942,0.7650662310712939,26.908042358701913,134.50955008307938,0,True,eclipsing_binary,TIC_461662295.csv,0.97,5326.0,0.5436460734418416,7686.860422779218,0.080363203010425,Success
,,,,,,,,,,,,,,,,,,,,,,,35.694185084081255,0,True,eclipsing_binary,TIC_269269740.csv,,,,,,Required feature(s) not computable: ['transit_shape_ratio']
13.64494944540029,12.614911022422989,8.0032e-05,3.149327324160735,0.011645660835350569,2230.215365776783,0.08523608514031174,0.9988284350333424,0.9990054833937765,6.725729851289014e-05,0.99899820786856,0.9990127292229719,0.07644794711403795,0.030781539382953783,14.86059773732652,8.0,8.0,0.0,2.184076970952042e-06,0.00017004329940151482,-1.4264429819110802e-05,0.9381980567859419,11.718375303008306,244.97844066598918,0,True,eclipsing_binary,TIC_347098457.csv,49.1612,4240.0,2.934230256489629,1788.815830083168,0.0235581722193089,Success
14.217220251347818,11.485110622703646,8.0032e-05,2.475594603681257,0.01376369254704235,3313.5681088171355,0.051442159862252965,0.9952880738581025,0.995193350847733,0.0004273243293290338,0.9955762753872431,0.9944171524568343,0.917171732366463,0.061731436620733396,10.679708276589555,11.0,7.0,4.0,4.480698382509368e-05,0.0007331652580121348,0.00028696409521278277,-0.5467662565814361,19.347711614815402,78.78076837491244,0,True,eclipsing_binary,TIC_41422753.csv,0.97,6114.0,1.4584566092373443,934.6401601878496,0.0357856956872245,Success
,,,,,,,,,,,,,,,,,,,,,,,50.86326808296144,0,True,eclipsing_binary,TIC_22843856.csv,,,,,,Required feature(s) not computable: ['transit_shape_ratio']
,,,,,,,,,,,,,,,,,,,,,,,80.14661383291241,0,True,eclipsing_binary,TIC_1101909431.csv,,,,,,Required feature(s) not computable: ['transit_shape_ratio']
14.979640980197127,12.309900934408674,8.0032e-05,0.9851051601630513,0.003995212314678864,2825.4012096487572,0.047861645121526165,0.9976307107863652,0.9978560127674831,7.940139702449116e-05,0.9986963630997479,0.996915466818679,9.235513621980884,0.04377399515154086,53.942746355900894,29.0,28.0,1.0,1.127762743619434e-06,0.002315534210374729,0.0006547894999693327,2.0110969604792777,20.844053902728735,69.3352530420525,0,True,eclipsing_binary,TIC_431148743.csv,1.0,5778.0,1.97160412539424,4715.924224582779,0.0581219995970532,Success
10.52086232076249,10.351632995407664,8.0032e-05,0.9492520373736437,0.005836930285641362,3236.3870753729093,0.03512502504389782,0.9991612574884329,0.9992087817110191,5.8334183121391126e-05,0.9988963201604858,0.9995555378219767,4.470196608978492,0.02604482686120053,29.83894819210066,25.0,21.0,4.0,4.245440457251385e-07,0.00037303737202848267,0.00013045024566749053,-1.0438656727790665,28.44585181760645,42.58467150002252,0,True,eclipsing_binary,TIC_95010343.csv,1.31,6474.0,1.9013309548429405,3881.3899415988117,0.0173001558055909,Success
11.466920958025748,11.448123481542856,8.0032e-05,1.5803697320342271,0.009624889226169775,2283.2556454910005,0.03938178867218991,0.9985268759339264,0.9986726647067636,7.656864908572144e-05,0.9986417343897622,0.9987136018910305,0.32712484626199984,0.03451650458022959,17.932360063400186,15.0,14.0,1.0,2.171052935274939e-06,0.0002890548497910761,0.0002728757747696431,0.8104529991013191,25.35504124115755,39.0014972910285,0,True,eclipsing_binary,TIC_357536526.csv,1.66,5342.5,0.7904017692781341,1699.8299612851486,0.0468965680376501,Success
15.3851322092067,15.363660067326567,8.0032e-05,0.79410318531615,0.003484043893794031,2641.096487893539,0.037280975818261584,0.9981315758246577,0.9982224213587407,7.434139002860663e-05,0.9982540200184851,0.998190226497869,0.30340248728136965,0.038872716033331985,28.455023073919204,30.0,24.0,6.0,2.5731358377346383e-06,0.00029582381746687627,0.0008844036442132719,0.6786599580883126,26.773214861391487,71.08179274993017,0,True,eclipsing_binary,TIC_224313733.csv,1.0,5616.4,0.7932313225591371,2728.5868311556214,0.0385165748120917,Success
13.98153349333296,13.671299134947375,8.0032e-05,2.092233334779884,0.011832635457026175,3263.0914369026764,0.022340255963816023,0.9915931758498765,0.9922375386860455,0.00017244974885543014,0.9921742935604474,0.9923153788406276,0.29316966420734714,0.08245616430208468,54.299117503153546,11.0,9.0,2.0,2.977649833011001e-06,0.00035785290945688196,0.0004614316509856664,0.054441647470367206,44.3859361976844,45.81811904197093,0,True,eclipsing_binary,TIC_323658120.csv,1.32,5767.0,2.0924422501103432,19092.953840446957,0.0366134637254049,Success
17.064860586069376,16.698495942582017,8.0032e-05,1.4157687253053282,0.006671774099459626,2963.896503652723,0.022677735745764212,0.9969225358333175,0.9971535858505077,0.00012449574894654038,0.997394662467029,0.9969062202787727,1.4068360949600234,0.04988886794470783,26.056123079017116,18.0,15.0,3.0,2.7974725143987415e-06,0.0014378759383869683,0.0004076313039962365,0.4178272740761307,43.96040887898275,49.8608777920017,0,True,eclipsing_binary,TIC_190081497.csv,1.34,6187.0,1.4163734115086009,3729.7919802411484,0.0353840787073309,Success
15.89908521011603,15.644976233811388,8.0032e-05,1.4837578212250868,0.00625707684250143,1684.2077178989127,0.06291652355506677,0.9895849308344631,0.9910533507755492,0.000212806552046282,0.9904946842213529,0.9916064722522848,1.8549655040985105,0.09177792320393822,50.371359262087424,18.0,18.0,0.0,2.5814872278494146e-05,0.0008945588968345795,0.00274555286867717,-0.7731155634761683,15.728537988408455,57.98857658402994,0,True,eclipsing_binary,TIC_336267424.csv,1.31284,6835.31,1.57499658796716,1696.109492737241,0.0160496209750724,Success
,,,,,,,,,,,,,,,,,,,,,,,93.6054000830045,0,True,eclipsing_binary,TIC_103604037.csv,,,,,,"Required feature(s) not computable: ['period_uncertainty', 'depth_mean_odd', 'odd_even_mismatch', 'depth_consistency_std']"
10.7739456135003,6.376614799030622,8.0032e-05,8.859440408129528,0.02851609000156774,1496.6960181647087,0.05805567182007212,0.9988766156474869,0.9990619582713917,0.00011423162816498885,0.9985792467534206,1.0000273813073337,5.185032618895476,0.03014194909250226,10.574384839997931,3.0,3.0,0.0,9.873744528598307e-07,0.0006845751067568743,-9.199641880730525e-06,-0.1765489632575667,17.20549576522403,167.22454000008292,0,True,eclipsing_binary,TIC_55452495.csv,2.8,7859.0,2.226016333934161,57.46678604778843,0.1257488343122911,Success
,,,,,,,,,,,,,,,,,,,,,,,72.44879037502687,0,True,eclipsing_binary,TIC_408549705.csv,,,,,,"Required feature(s) not computable: ['depth_mean_odd', 'odd_even_mismatch']"
10.383292687586042,10.203772657025567,8.0032e-05,4.770977625917533,0.0403807174354065,3015.7046768367127,0.09821292222946483,0.9959739546525347,0.9965555832876134,0.0004230424892058418,0.996885221331299,0.996222790812888,0.5540209916978435,0.057061932799043626,8.36966236618179,6.0,6.0,0.0,7.09452963144921e-05,0.0006802392751219977,-0.0002468953503036442,1.409973318134168,10.140966504647317,62.6967357089743,0,True,eclipsing_binary,TIC_389999924.csv,1.1804399,6213.0,6.733587213934927,2127.724645303197,0.0688064842501769,Success
,,,,,,,,,,,,,,,,,,,,,,,1.2614529590355232,0,True,eclipsing_binary,TIC_376838000.csv,,,,,,Required feature(s) not computable: ['transit_shape_ratio']
,,,,,,,,,,,,,,,,,,,,,,,45.019202166004106,0,True,eclipsing_binary,TIC_457743020.csv,,,,,,Required feature(s) not computable: ['transit_shape_ratio']
15.847967943124104,11.903875202620526,8.0032e-05,3.69651697446943,0.018651283991758083,3612.346468952443,0.029398992798871815,0.9903035570834808,0.9894664342861825,0.000579050381980098,0.9896105026801232,0.9893112837080923,0.1831175507281442,0.08855505749947247,27.716185319846517,7.0,4.0,3.0,1.1568796401485803e-05,0.0010982193723900588,-0.0007710181806448446,0.33075623080207867,33.68494845583566,60.3544617498992,0,True,eclipsing_binary,TIC_458876004.csv,1.1,8469.0,6.2406426490212965,185.48456699196691,0.0655178367964157,Success
16.95605216717693,16.240414738312353,8.0032e-05,2.8861981223648345,0.01668525588366565,3749.262526792461,0.08763754114386715,0.9790630911667362,0.9786073285803307,0.00034062648499288875,0.978078740826475,0.9790932882895208,1.056331437308266,0.1301258045850327,45.0781144493263,9.0,8.0,1.0,7.561592922418494e-05,0.001153367055558333,-0.0017515624863015944,0.9943216716561173,11.171731639064257,96.44983287493233,0,True,eclipsing_binary,TIC_120723776.csv,1.0,5778.0,8.527202357461736,1205.2447268108278,0.0425866604961498,Success
13.643252862040333,13.208494431105978,8.0032e-05,2.847854544250981,0.01792814629509376,1792.487591315704,0.026999417703416028,0.9975585250055518,0.9977989332563783,0.000122729486768293,0.9977888002811417,0.9978123293931318,0.06627505568068814,0.044435829031987444,25.617924287473546,8.0,7.0,1.0,1.011963913840916e-06,0.00017144299336763398,0.00014404960204117412,0.0843793113170696,36.94740886501928,47.214236958068796,0,True,eclipsing_binary,TIC_186599508.csv,1.38826,5669.9,2.8495647105135964,4607.9407706050015,0.0373787601738697,Success
17.40242803414644,16.547780956081507,8.0032e-05,1.0625220304837473,0.0032366503428342686,3286.6675112017456,0.02822099290111411,0.9975081280403847,0.9974341465523726,0.00016825253623997604,0.9970601989853803,0.9978542604856604,1.6743681673601458,0.04489210896514979,15.749841113367165,25.0,17.0,8.0,9.147112521611326e-06,0.0006887008543849183,0.0006403007638560165,0.11740806688759824,35.346315827215456,62.73938604199793,0,True,eclipsing_binary,TIC_98613492.csv,1.06,5589.0,11.086820553974752,1562.1447924609733,0.0525841618264114,Success
11.374395472616328,10.897244525906455,8.0032e-05,1.7817461309950415,0.009560879917623333,2797.5710483382054,0.04739850924764341,0.9922579943441516,0.9926940669409807,0.0004017895189907511,0.9928811571078365,0.9923628480529921,0.44964256207924513,0.07912867415903903,17.901024800331484,15.0,11.0,4.0,6.203785644381854e-05,0.0012774703585543212,0.0012939473016208014,0.6754185019787246,20.93437135670011,35.897271124995314,0,True,eclipsing_binary,TIC_373576942.csv,1.59,6245.0,1.5896689706040343,179.191580684801,0.0178840457313595,Success
,,,,,,,,,,,,,,,,,,,,,,,89.51488870801404,0,True,eclipsing_binary,TIC_367855829.csv,,,,,,Required feature(s) not computable: ['transit_shape_ratio']
11.146719186072387,10.685555888111093,8.0032e-05,2.0117273018308595,0.008249456001896194,2202.504605846212,0.043866956338217356,0.9995746939807342,0.9996136782734468,3.880557902559845e-05,0.9996940989629922,0.9995324020446511,1.4816734310242659,0.018546326943123706,13.369825338305864,13.0,12.0,1.0,3.210983703997675e-07,0.00012802929839167936,5.3545637649587974e-05,0.13253061991558043,22.78650668794849,61.427169500035234,0,True,eclipsing_binary,TIC_250484865.csv,1.11,5998.0,2.0089466490562207,1424.1066598680297,0.0204119357391619,Success
11.116388594527427,9.020253639350374,8.0032e-05,4.685450457769976,0.03623621275776223,1546.052575492272,0.03420172765731315,0.998532668592213,0.9987878867717601,0.0001368325561795219,0.9993568109455196,0.9979345005111204,3.886635597011202,0.0344485743688723,18.359371482293305,5.0,5.0,0.0,5.515166426362386e-07,0.0006976873411796293,1.2336945280466693e-05,0.6651827674061236,29.195386811949625,43.9669293750776,0,True,eclipsing_binary,TIC_73723286.csv,1.47641,6157.0,9.376844333593512,5803.751001998036,0.0282522352452571,Success
12.213168499773575,12.00785422383799,8.0032e-05,0.9142732907027873,0.002845099254732142,2089.0698611395196,0.028418296477182754,0.9976250798762446,0.9979295597102543,0.000243505970202368,0.9978812089048948,0.9979781263674236,0.14072248263825182,0.04382598145035862,9.448173385709499,26.0,22.0,4.0,2.172835527430896e-05,0.0010041131849421057,0.0006041803765175491,1.3366360721924992,35.10502751905782,71.27832437504549,0,True,eclipsing_binary,TIC_229091748.csv,1.03,5777.0,0.6750945086140768,1255.6190729707816,0.0326775795018347,Success
19.677410301153927,18.37516129417097,8.0032e-05,0.5311776049710458,0.001440692279370881,1468.3296227759106,0.054676725942444576,0.9836416417080014,0.9852780587692095,0.0011167852617974343,0.9853875210038009,0.9851650416041307,0.07040807407345444,0.11502096447454209,13.43358525751466,41.0,39.0,2.0,0.0018181510953257784,0.00541381313466482,0.014440923754774015,0.5043985122284776,17.990134280231615,653.8730164159788,0,True,eclipsing_binary,TIC_53593457.csv,0.193,3085.0,3.6490477423898926,14217.780513497202,0.0379800581394006,Success
15.178077213385837,14.388865532212609,8.0032e-05,3.021307462577375,0.020745913368817925,2964.9047646922504,0.13061717873817752,0.8777544978117848,0.8965013518185025,0.0060735172446858676,0.9050397139833397,0.8879629896536655,0.9955476072225948,0.31442972171014466,18.854674729445453,8.0,8.0,0.0,0.022656817108395542,0.018245763506467734,-0.0010597530419018675,-0.06599810337763623,6.720054025751437,59.8004112909548,0,True,eclipsing_binary,TIC_285524410.csv,1.0,5778.0,0.7292306716618286,209.1454345726218,0.0406923499861448,Success
11.495580929179413,10.588196557369042,8.0032e-05,4.9657600446164665,0.04958564880120431,2201.937465379797,0.0714176016474978,0.995677042228266,0.9963377969833813,0.00013932379394780372,0.9964384004540956,0.9962365402433766,0.5130097212276378,0.059128606426076445,41.0623815763184,6.0,6.0,0.0,2.4075197217257434e-06,0.0007627458653420623,-0.00041874573638045476,-6.2716654202430435,13.941619702418986,35.92013049998786,0,True,eclipsing_binary,TIC_291555748.csv,2.0,5889.0,3.8407015085127743,2044.0395802964194,0.0499279404755542,Success
6.79844736717624,6.455104110993686,0.01352541,3.4432755835636635,0.03277095088789417,2967.1184816853247,0.05216900336930699,0.9978665874114793,0.9981951052859834,0.00017773598330770893,0.9981012700343556,0.9983216153127316,0.44307958314563556,0.041537903545630986,10.843078559563882,7.0,7.0,0.0,7.285638084228256e-06,0.0004496329089773078,-0.00012368296671327883,-0.8470692888041452,19.12757620358456,32.72698958404362,0,True,eclipsing_binary,TIC_114103134.csv,1.99145,6755.0,13.989507897716662,445.8683113820472,0.0172731785598362,Success
13.337386077203313,12.653284679540425,8.0032e-05,3.4560150005570756,0.019895194539233607,2393.531524320525,0.09137951881468133,0.9970180300898573,0.9974704658717918,7.029545398525923e-05,0.9985954735426618,0.9963497195936143,16.73286359415433,0.049108738171814936,126.69579118568207,8.0,8.0,0.0,2.1087504852411336e-07,0.0011269358518965567,0.00018163432137385804,0.2280528194061217,10.910738456741285,59.99168891599402,0,True,eclipsing_binary,TIC_305943739.csv,1.42,5821.4,6.903046504925729,5951.935650875595,0.1118718745348293,Success
11.322612860547691,8.168393695489977,8.0032e-05,5.337932910987083,0.03407994461789521,2612.4759505163156,0.04689473621686798,0.9958775535408768,0.9960804449452612,0.00018144890568092627,0.9964811628181178,0.9956797270724044,1.6054988043487046,0.057741047564240436,35.013365059207814,5.0,4.0,1.0,1.6433146162826294e-06,0.000408156707620108,-0.0002701243544982468,0.3552180677962196,21.23644643047722,68.62522370892111,0,True,eclipsing_binary,TIC_450327768.csv,1.26,5776.0,1.5161911370227503,2670.858751448013,0.0189421282375334,Success
,,,,,,,,,,,,,,,,,,,,,,,153.86908179102466,0,True,eclipsing_binary,TIC_151728428.csv,,,,,,"Required feature(s) not computable: ['depth_mean_odd', 'odd_even_mismatch', 'depth_consistency_std']"
,,,,,,,,,,,,,,,,,,,,,,,0.7895066669443622,0,True,eclipsing_binary,TIC_269424395.csv,,,,,,Required feature(s) not computable: ['transit_shape_ratio']
11.530224639569578,11.52322249606123,8.0032e-05,1.8518304699652608,0.011232282263008764,2474.3968316517526,0.02604907345334847,0.9955284189418101,0.9959605937533301,0.00031495478953692964,0.9959367157585028,0.9959846849445396,0.05384913476299278,0.06013643804558997,38.16614044022755,13.0,12.0,1.0,2.783885026640222e-06,0.00026935171647593395,0.0001291604994564377,0.022304853290483446,38.217421465094,45.79289937496651,0,True,eclipsing_binary,TIC_312221462.csv,1.58,8158.9,0.925311798017276,15443.12526552516,0.0147890905519012,Success
,,,,,,,,,,,,,,,,,,,,,,,41.04423250001855,0,True,eclipsing_binary,TIC_358072664.csv,,,,,,"Required feature(s) not computable: ['FAP', 'transit_shape_ratio']"
7.098549337482132,6.454679924566377,0.007923169,0.7528842247898245,0.003450430149292638,2202.3368623311308,0.08479223295665657,0.9995058926464205,0.9995636150187959,3.7531591685052994e-05,0.9995535940262052,0.9995736257544852,0.18874431714119172,0.01999023066918919,10.86995106078006,34.0,32.0,2.0,3.1477358540673165e-06,0.0003064148000035856,0.0004506370103778412,1.1528323562700493,11.787705757876905,41.50174183410127,0,True,eclipsing_binary,TIC_179159972.csv,1.15,5947.5,0.9216008576316286,227.86298994958986,0.0268148914749348,Success
8.373698046182774,7.672773734554804,0.00080032,3.157995833828914,0.021776393630801305,1494.106093849765,0.07193234190237947,0.9998136535149795,0.9998307113627399,3.093973161844401e-05,0.9998610033271103,0.999769539240517,0.9912066702666389,0.012276307252602748,5.3765594133496775,7.0,6.0,1.0,3.083416443434836e-07,5.177228008374179e-05,4.425947985220446e-06,1.2752568855705957,13.899361915282038,20.67580083303619,0,True,eclipsing_binary,TIC_131419878.csv,1.52,6482.3,3.3884168704951003,1339.3718033726243,0.0081550653413858,Success
20.145771341053965,19.92252011423283,8.0032e-05,1.7477949187739017,0.006038644974758811,2581.1888645315134,0.024233264881509956,0.9966431936173642,0.9966990026560364,0.00016863664213052223,0.9967507602981946,0.9966359710720218,0.24025277490319716,0.05210390735786237,32.00189479171567,15.0,13.0,2.0,2.4327642960980253e-06,0.0002827136341201789,0.00025561410533625484,0.11230084423436663,41.1270705161072,81.65165179106407,0,True,eclipsing_binary,TIC_23650642.csv,1.01,5524.0,1.748264341447616,9252.406064202967,0.0227585105062382,Success
,,,,,,,,,,,,,,,,,,,,,,,77.71917041693814,0,True,eclipsing_binary,TIC_686072378.csv,,,,,,Required feature(s) not computable: ['transit_shape_ratio']
,,,,,,,,,,,,,,,,,,,,,,,142.9351567919366,0,True,eclipsing_binary,TIC_287329267.csv,,,,,,Required feature(s) not computable: ['transit_shape_ratio']
11.957943060733426,11.798603555070246,8.0032e-05,1.5128575609147858,0.011486815468092604,2391.296005621556,0.0681858040234924,0.9960581957347889,0.9965248239512534,0.00015684380914863288,0.9965143996075799,0.9965379143674775,0.05250274132136411,0.05646179415754915,25.7264869126554,19.0,18.0,1.0,1.6284307318947985e-05,0.0006053827382899842,0.0014417332970360075,0.8881894543557917,14.60799956823288,56.90342066704761,0,True,eclipsing_binary,TIC_400476523.csv,1.65,6615.0,1.5107732250793378,8007.928939021025,0.057973760449774,Success
9.013789133341339,4.820708265751658,0.000160064,5.305100888577308,0.03127858621034152,1713.198269974569,0.06836181703531616,0.996343639383454,0.9966246028154927,0.00017797404170438546,0.9943546531391458,0.9977022556921423,9.360430296755611,0.054379055238497266,25.813424334218553,4.0,3.0,1.0,2.4152634704124833e-06,0.0015836039510729748,0.00034539965026580965,-0.5991015616050265,14.57456344188067,50.20499483298045,0,True,eclipsing_binary,TIC_13499636.csv,1.0,5778.0,10.616697373486756,6468.956834640438,0.115110602391872,Success
,,,,,,,,,,,,,,,,,,,,,,,23.258294499944896,0,True,eclipsing_binary,TIC_446549905.csv,,,,,,Required feature(s) not computable: ['FAP']
,,,,,,,,,,,,,,,,,,,,,,,4.9041932499967515,0,True,eclipsing_binary,TIC_61733521.csv,,,,,,Required feature(s) not computable: ['transit_shape_ratio']
16.652112657299362,15.755350704201277,8.0032e-05,1.9311130623460395,0.005859768799612364,2203.559495036423,0.047745174661829114,0.9971274287217702,0.99745406387021,4.0483259741842514e-05,0.9974844361268747,0.9974241317911781,0.5269807581013162,0.04819950229274536,92.13401648860189,13.0,12.0,1.0,3.1900733669535875e-07,0.0001268066605541677,0.000280276546026359,0.6410478871740789,20.884360268535048,268.69079424999654,0,True,eclipsing_binary,TIC_120269103.csv,3.25795,8844.0,1.93022797306491,3681.1369822173924,0.0646787735583275,Success
10.58534278650118,9.812271084426259,8.0032e-05,0.8776558194905175,0.0028995892944035373,2088.5759626519252,0.01794116113790461,0.9965762007438932,0.9968878816262737,0.0004619534047922264,0.996638216554155,0.9971343458641349,0.3802074545368215,0.052621266122893515,7.121046436754698,28.0,24.0,4.0,5.922626868422933e-05,0.0017157365040889223,0.0009145240901331508,-1.1411626783864304,55.54691767627063,66.57928070798516,0,True,eclipsing_binary,TIC_9032368.csv,1.11,5997.0,0.5853960529620832,2709.6899228038483,0.0298770937645812,Success
,,,,,,,,,,,,,,,,,,,,,,,6.235554832965136,0,True,eclipsing_binary,TIC_219366908.csv,,,,,,Required feature(s) not computable: ['transit_shape_ratio']
15.053530331342028,14.665495114771248,8.0032e-05,0.8816620272972168,0.003943714265512266,2474.7536747896556,0.05312839814870304,0.9971487655787955,0.9974507906136464,9.694928627200428e-05,0.9976175469503448,0.9972694704047474,1.2725155655562725,0.0480201607468065,26.20756726713235,27.0,25.0,2.0,9.052294305104293e-06,0.0005282826024377525,0.0016868389111586168,0.7103483260495529,18.76865857667756,111.9558701250935,0,True,eclipsing_binary,TIC_284747017.csv,0.75,4570.0,0.8817291580616973,3477.6552534924176,0.0734364569742579,Success
10.762052877928863,10.229106598952926,8.0032e-05,5.453793645917434,0.03675822483533864,2580.996178747685,0.049669761784294525,0.9946031740502075,0.9954236070698654,0.00034989499118601137,0.995302770708031,0.995603183329814,0.2969109656016119,0.06606574745580873,14.508555509872725,5.0,5.0,0.0,1.7718176277268683e-05,0.0005716305252075279,0.0004902835724339694,0.151805061148401,20.024319391133037,99.07310608401895,0,True,eclipsing_binary,TIC_470974162.csv,0.9,4992.1,5.4492703986614295,7400.6991151327475,0.0648260151217101,Success
15.18700643492677,15.080862355519653,8.0032e-05,0.865161713330885,0.004130635924255388,2282.1601673650875,0.0403293828401942,0.9940662541654668,0.9946439151004901,0.0001156980959462803,0.9946403038998387,0.9946475263011416,0.02207177681977918,0.06927421557606216,75.98353157737493,28.0,26.0,2.0,3.527786616267952e-06,0.0005460101583199226,0.001373658049133919,0.9069280094100254,24.648685007268014,58.74003170791548,0,True,eclipsing_binary,TIC_464296022.csv,1.07,4807.6,0.4321098581916786,8924.366093616021,0.113449032515613,Success
12.726760089941289,12.084546983054366,8.0032e-05,2.4619445893636285,0.007664239119919536,1738.659857974055,0.02243796946106165,0.996879310167971,0.9969019922552074,0.0001466022013156,0.9972331371569242,0.9965915439098478,1.575641004211049,0.05023801251695192,19.06860498061361,10.0,8.0,2.0,3.2692768929559116e-06,0.0005604160328793634,0.00022212217633221787,0.0309410088769153,44.428231881585056,92.82972279202659,0,True,eclipsing_binary,TIC_346418409.csv,0.696945,4993.0,2.4623497605117093,4258.589395693013,0.0334089889984235,Success
6.770313206504453,6.698700089246526,0.01392557,3.6893181335092384,0.03530229766599402,3238.5738755479133,0.06982834735466066,0.9899994864860051,0.9915474542056618,0.00021996777297556455,0.9920270301987434,0.9910647022126259,1.5662373413954107,0.08993283774263641,51.95291883095834,6.0,6.0,0.0,8.095404645352298e-06,0.0006382657884756244,0.0005210945554527946,0.26017005866446247,14.177615882239952,19.002687499974854,0,True,eclipsing_binary,TIC_91869778.csv,1.94,6539.0,1.2281815659738324,15910.406421283385,0.0863206377672431,Success
7.237410503980535,7.209070663392166,0.006322529,3.3065087702374196,0.03416675142489467,2203.594705527353,0.04021695744592704,0.9897314095322257,0.991334082914338,0.0006701829359891589,0.9913629874425672,0.9913051783861092,0.030497947856909877,0.09113025041561365,42.77081925919248,8.0,8.0,0.0,1.0478949271168794e-05,0.000722274855099641,0.000136231340710391,0.008544719760905274,24.609803236929363,21.654059458058327,0,True,eclipsing_binary,TIC_92013169.csv,2.37,7069.0,0.8255324193895145,48835.25818811163,0.0242313986042732,Success
14.533431391150534,14.449967093176296,8.0032e-05,1.0423002987890482,0.0056919512679904916,1386.7998056347828,0.02877462509578825,0.9990915332581085,0.9991726885680188,6.619965953114017e-05,0.9991829145328005,0.9991610908274733,0.11624511907370795,0.02710576465449263,36.32036987410004,19.0,17.0,2.0,2.2143430497541695e-07,0.00015133582488922862,6.457439512064234e-05,0.9439225842049952,34.721270214024294,36.82098020904232,0,True,eclipsing_binary,TIC_259701242.csv,0.96,5928.0,1.043750832637249,3496.9213597080275,0.013628368972012,Success
13.519474076913781,11.093979267309367,8.0032e-05,0.7734630816571625,0.0023971204632551313,1712.0226174138443,0.0147801207337943,0.9985354054239045,0.9988016445784335,0.00017109945390030183,0.9986232865047894,0.9989313595410839,0.6928727626276752,0.034416433043202306,8.689785441652827,33.0,19.0,14.0,3.6904162932532895e-07,0.0007458052288464118,0.00039238465019419966,0.48705527779288904,67.55935377041835,2.729461207985878,0,True,eclipsing_binary,TIC_387603144.csv,1.16,6223.0,0.3868172410572516,1609.276431269624,0.0191276791894215,Success
,,,,,,,,,,,,,,,,,,,,,,,32.99443458393216,0,True,eclipsing_binary,TIC_329277372.csv,,,,,,Required feature(s) not computable: ['transit_shape_ratio']
11.895370779482255,9.8748876395865,8.0032e-05,5.948699282876687,0.05734718774193226,3263.046760916299,0.0549089775507464,0.9945310789155025,0.9945579466764588,0.0004581472734881484,0.9943606433341636,0.9946578795381407,0.221065008862953,0.06650556312886417,12.6450798234631,4.0,3.0,1.0,2.126774393758203e-05,0.0003883944811156773,-2.3783100641328048e-05,-0.34900883296670293,18.11235836610444,21.387972166994587,0,True,eclipsing_binary,TIC_350044062.csv,1.65,6031.2,2.0430155668503622,251.808657443231,0.0056097357315898,Success
,,,,,,,,,,,,,,,,,,,,,,,13.255219416925684,0,True,eclipsing_binary,TIC_375199523.csv,,,,,,Required feature(s) not computable: ['FAP']
7.891948992210235,7.8356853496603005,0.0020008,1.9984487520626997,0.01606145077113219,1387.6553248585947,0.04118993807534016,0.9955126865194267,0.9959735489274707,0.00013011896505829096,0.9959694271751226,0.9959768802067658,0.020074569172145017,0.060242134568868434,55.81880131256306,10.0,9.0,1.0,1.480038056565487e-06,0.0004199723361436719,0.0003118951325238317,0.39677760452022165,24.168831832146555,17.481749542057514,0,True,eclipsing_binary,TIC_220396259.csv,1.71,5825.0,0.9977537408193208,7758.736443423842,0.0527418995925555,Success
12.3845385572153,10.256382355121188,8.0032e-05,1.1569941437494746,0.003483854054813551,2581.2120116616056,0.02313908029109918,0.9992011801338876,0.9992618517208925,8.572290909189588e-05,0.9993704183511594,0.9991283441079964,0.9967825091876411,0.025417426437749586,8.73605591510048,23.0,20.0,3.0,2.3563621741049726e-06,0.0004558966548015834,0.00015429690246560046,0.6552062173139751,43.18240688754801,43.280248458031565,0,True,eclipsing_binary,TIC_23650642.csv,1.01,5524.0,1.1568532297601444,832.3842646204005,0.0249913246380743,Success
10.468872689682481,9.947077672442845,8.0032e-05,1.3307623325980993,0.0077307783611151315,2991.1459019430376,0.0970790334543185,0.9985985677839947,0.99880606289532,0.0001498079846219512,0.9987625865561481,0.9988501704699064,0.20671368810530205,0.03366612993342553,8.066548179745718,17.0,16.0,1.0,2.4350961188173022e-05,0.0005051387668938475,0.0008449619943108333,1.3187013773309435,10.286449424261061,16.425882959039882,0,True,eclipsing_binary,TIC_22020459.csv,1.67,6561.0,2.9946271102101996,81.07057121720106,0.0619901169107547,Success
12.950773033196066,8.988051528804595,8.0032e-05,5.4118502464779255,0.030565523028751596,3128.114770782431,0.11974724644063359,0.9969329636354193,0.9970973880668981,6.713341810794361e-05,0.9970420092333561,0.997150216559421,0.5709449494406278,0.049804273509957545,27.352487737585456,5.0,4.0,1.0,3.187465377893031e-06,0.00011617224571919006,-0.0004724493101320171,-0.5965712403787045,8.325310128359929,29.484462750027888,0,True,eclipsing_binary,TIC_376168473.csv,1.0,5778.0,11.2783684624896,29798.067131928783,0.0220494020233274,Success
8.822441510883927,8.337081189154397,0.000240096,3.5604604948751404,0.028283982457417034,2612.1679695274684,0.030282230583321003,0.9967820810145246,0.996941800668288,0.00031315632841774724,0.9966956794019363,0.9974172622055579,0.7634568671518179,0.051014625153020944,10.911596257284153,7.0,6.0,1.0,1.0148632811766982e-05,0.0006422940472413643,0.00021267330391572248,0.05390884167761543,32.916402187477466,23.890456750057638,0,True,eclipsing_binary,TIC_18017227.csv,1.78,6294.0,1.1866628981195873,8209.820463308759,0.024544628053248,Success
12.343603037931365,11.502763494985246,8.0032e-05,0.9605318068411772,0.004864336460265073,3340.1629013273377,0.07889509902979311,0.9926887263493541,0.9931345079711446,0.00017000358372391077,0.9914976903377168,0.994849389214782,7.235282799333277,0.07689598536308546,51.561910755345615,29.0,24.0,5.0,2.548351963051014e-05,0.0038339246550802967,0.0064475677939139775,-1.0092938419818733,12.582387734559857,62.3207995420089,0,True,eclipsing_binary,TIC_195093356.csv,0.94,5707.0,1.921146152133586,13828.901453443177,0.1299341011726154,Success
17.276736010740823,15.589143010449275,8.0032e-05,0.886114957834208,0.003635429777240351,1791.0702742959647,0.09249907918288046,0.9993191956759774,0.9993898482759118,2.5040861027547303e-05,0.9994328616636697,0.9993443533465525,1.2724504387185966,0.023464877946695037,30.23374043386779,27.0,25.0,2.0,4.676100586750143e-08,0.0001278379538807091,0.0006021902138424462,-0.5001346053287726,10.803558311107267,8.602643540943973,0,True,eclipsing_binary,TIC_418987806.csv,4.27,6919.0,1.2014218928220424,97.77048438475155,0.0338711029406705,Success
19.920620097724097,18.196570168213594,8.0032e-05,1.10869077113543,0.002809587465136265,1411.813565665976,0.03438122795375249,0.9991284586779844,0.9991932540230557,2.838545188434055e-05,0.9991711741293041,0.9992180811846935,0.5819366160916829,0.02654918161036468,31.367519609884372,23.0,19.0,4.0,3.0816965869517886e-07,0.00018060534155567661,0.000190337050126832,0.7358827886826032,29.0602901101133,98.97249320801347,0,True,eclipsing_binary,TIC_7624182.csv,3.13,8666.0,7.204294544782869,872.5526038914078,0.0342628761106117,Success
9.151279523009704,8.333337470882295,8.0032e-05,1.1927656952714143,0.00582040041628995,1764.930601175203,0.02571326978056385,0.9983204996744196,0.9985770497604199,0.00014718892373735337,0.9982829964338463,0.9990017934543588,2.2146713187628397,0.03685506597895526,12.361963675281483,20.0,18.0,2.0,2.9819593113084115e-07,0.0006581284311305377,6.630492669756904e-05,-0.02004260036453045,38.82510891045954,1.865847249981016,0,True,eclipsing_binary,TIC_470852531.csv,1.43,6587.0,0.7953029847537321,2726.1901107700214,0.0340804754811587,Success
,,,,,,,,,,,,,,,,,,,,,,,41.193993084016256,0,True,eclipsing_binary,TIC_198211976.csv,,,,,,Required feature(s) not computable: ['transit_shape_ratio']
16.55478597477795,15.906118658696876,8.0032e-05,0.7363309227607054,0.0023503708364901454,2580.9456527317006,0.037958112411419685,0.9922177191036162,0.9928130839601718,0.00019086406881723084,0.9931147689321816,0.9924907457382441,1.1571228500545898,0.07933422763820404,38.79346820183787,36.0,31.0,5.0,2.882531059225988e-05,0.0010458064959061653,0.003998873576636974,1.088971235709836,26.139806646578872,77.80892954196315,0,True,eclipsing_binary,TIC_373614579.csv,0.824569,5236.1,0.7368553294736554,10051.634616230376,0.048951459777498,Success
18.983826458883563,18.50148482519577,8.0032e-05,1.4195213331353775,0.003863774940249254,2798.1959669403013,0.019537216996153975,0.9969392135583769,0.996738371697249,0.00016532366395985836,0.9968594033546453,0.9966000498030819,0.5539692301548852,0.0497535027376233,56.82867796445823,19.0,15.0,4.0,7.65403002580938e-07,0.0004313124442784805,0.00014004886857899024,0.044104708014148175,51.02769825173313,65.34961045801174,0,True,eclipsing_binary,TIC_167098530.csv,0.87,5159.2,1.4198561836633306,6339.144993595003,0.0159925376791957,Success
14.72392072112676,10.085224892125927,8.0032e-05,1.4167656458866926,0.006497882811239197,1683.4216590601511,0.02319817569235515,0.9974990528067049,0.9978519093908972,0.0001433209653978726,0.9978988833485284,0.9978012024035203,0.24079735726039558,0.04497378172421566,23.319448096541816,19.0,19.0,0.0,2.901674071095246e-06,0.00022100326251455623,0.00023907081315444056,0.007565007584419257,42.99903001146017,44.43375254201237,0,True,eclipsing_binary,TIC_233684822.csv,1.45,5779.0,0.1417111848058558,7539.1719722680555,0.0329311856877657,Success
,,,,,,,,,,,,,,,,,,,,,,,26.3299688330153,0,True,eclipsing_binary,TIC_326470400.csv,,,,,,Required feature(s) not computable: ['FAP']
21.2088305278005,16.701267595449885,8.0032e-05,3.889306988434707,0.010720993873390983,2856.311904808048,0.03315346296800214,0.9943275265227027,0.9946153298986137,0.000287751372455401,0.9966525101979554,0.992578149599272,6.31169556945015,0.06773191954141095,43.04011366975445,7.0,6.0,1.0,2.242531260160329e-06,0.0020618965093688194,0.00014951090689419022,4.362833711310125,29.991664143271304,172.24047554202843,0,True,eclipsing_binary,TIC_252636888.csv,3.22,5855.0,7.782208011916239,13575.655538299203,0.040612327622189,Success
18.18816434976789,17.36857590730485,8.0032e-05,2.31105734507111,0.008498192677118821,1684.5348495612122,0.033393125360264536,0.9917923579053765,0.9930446747393036,0.0002662451274867752,0.9898222519512695,0.9962670975273377,12.697455383142842,0.08147349596050726,74.7303939219792,12.0,12.0,0.0,2.6997310113651907e-06,0.003245664307275775,0.0003583559569425576,-0.06399045050323102,29.700495152979585,53.614477291936055,0,True,eclipsing_binary,TIC_233681149.csv,0.987583,5929.0,4.6204544265042795,15501.53978158364,0.0410459736649225,Success
5.97986358595889,5.803570922626196,0.058903561,6.42576464756305,0.10110599346655968,2230.7792519682116,0.07241804562465944,0.9989356558221325,0.9991051836988414,0.00010820191389992689,0.9991395917057706,0.9990707756919124,0.22491359917469095,0.02933919483984411,7.4986077448967166,4.0,4.0,0.0,2.9548783902635675e-06,0.00024088893151893333,-3.759408654357976e-05,-0.15395272345982078,13.794015665647567,11.352003958076239,0,True,eclipsing_binary,TIC_153651591.csv,2.80165,9389.0,7.385595809818753,72.96379471444237,0.0203709570825086,Success
6.04657402022806,4.494726831370351,0.051060424,2.138575749290633,0.011394221689558837,3235.8656025999608,0.028463942571680886,0.9975853746289992,0.9979563556012753,0.00030729882744367836,0.9983258164582169,0.9974911085962371,0.9555793570034441,0.04419081656630581,6.075798849128455,11.0,9.0,2.0,2.0626841995007485e-05,0.0008072937521365621,0.0004723726666727712,10.5429559528113,35.04733654225078,25.7207462079823,0,True,eclipsing_binary,TIC_87044036.csv,1.31,6070.0,2.5943247452137084,1036.053509539947,0.0355306263245234,Success
14.742065505858609,12.06684035900124,8.0032e-05,3.69651697446943,0.018651283991758083,3612.346468952443,0.029398992798871815,0.9902494100914628,0.9894663705436839,0.0005790525359358458,0.9896105026801232,0.9893111513198258,0.1831979976337993,0.0888019683820659,27.137272473226105,7.0,4.0,3.0,1.2136449356264965e-05,0.0010982961917096056,-0.0006114234746323888,0.4190060834207032,33.683106658315985,38.855731041985564,0,True,eclipsing_binary,TIC_458876004.csv,1.1,8469.0,0.6091164933329749,3963.134607578245,0.0486556121936322,Success
,,,,,,,,,,,,,,,,,,,,,,,9.190489958040416,0,True,eclipsing_binary,TIC_146261607.csv,,,,,,Required feature(s) not computable: ['transit_shape_ratio']
,,,,,,,,,,,,,,,,,,,,,,,11.897741582943127,0,True,eclipsing_binary,TIC_64531556.csv,,,,,,Required feature(s) not computable: ['transit_shape_ratio']
8.565595395706984,7.796445993551051,0.000480192,8.064273401649777,0.04554306306565081,1684.2285985063647,0.022854857528522465,0.9976312803507936,0.9971638071654686,0.0005924087984844245,0.9977928616546768,0.9958663822814762,1.0417895244468878,0.043768733318382144,10.488006524618884,4.0,3.0,1.0,3.58155175009908e-06,0.0015168771700493455,7.691085368843886e-05,1.0416186842334485,43.65073285211982,36.10937620792538,0,True,eclipsing_binary,TIC_356158613.csv,1.0,5778.0,8.051682397263306,10915.592424105003,0.0201357102621034,Success
9.718435651939595,8.709821893269703,8.0032e-05,9.69072666839164,0.03693249797220943,2398.8643967323615,0.12507667001010103,0.9992700760750751,0.999376961218435,9.360472353009076e-05,0.9993036740488198,0.9995235355576652,0.7790519973694149,0.02429662475083724,6.259608814204351,3.0,3.0,0.0,2.6705732829949746e-06,0.00015258743512646937,1.1886458455179216e-05,-0.45503171630509626,7.989260315248043,170.77204345806967,0,True,eclipsing_binary,TIC_230017325.csv,3.51,6012.0,2.8570879805079743,109.71346802435278,0.0064374432483246,Success
11.231555891779335,11.137887377635746,8.0032e-05,4.543037592612353,0.04097361852401482,2256.511284234194,0.02411142333267769,0.9977390456798128,0.9976273953888635,0.00022773298976719338,0.997653981361718,0.9975863079762695,0.10328194035740057,0.042761510806465154,23.4210913330537,6.0,5.0,1.0,8.799304843649819e-07,0.00010041190716498365,3.217862201831956e-05,0.024942937077893922,41.38034623313169,69.09290404198691,0,True,eclipsing_binary,TIC_309787037.csv,1.75,6762.0,2.2724436387583924,7472.7920991334295,0.0184826497136237,Success
,,,,,,,,,,,,,,,,,,,,,,,87.82613362499978,0,True,eclipsing_binary,TIC_17150865.csv,,,,,,Required feature(s) not computable: ['FAP']
10.175666687900213,10.253423524715881,8.0032e-05,1.6356916405216988,0.009900980228397693,2641.889944215494,0.02971166230909379,0.9959194679008712,0.9961345240531596,0.00013272857268568585,0.9961755665060604,0.9961002151276878,0.1998614911740942,0.057446760876227396,27.32879646279294,14.0,11.0,3.0,4.735092176153798e-06,0.0003843581312295424,0.000661599223985565,0.396929837248102,33.51947991129571,68.7004144169623,0,True,eclipsing_binary,TIC_219824469.csv,1.62,5923.0,0.5454179095669052,7297.65807127436,0.0734454449385578,Success
6.161640611216361,6.010648718559102,0.042096839,0.8814685186383358,0.0013065520280038379,2718.7116574583333,0.004484505040817009,0.9996627977382059,0.9995717841388267,0.00012493718252749007,0.9996326356952836,0.9995094112934588,0.34918316386760323,0.01651400403372837,3.236233393086161,28.0,26.0,2.0,1.4148264750858974e-06,0.0007815319639461702,2.3256842196839322e-05,0.8443395428774391,222.9148565202822,185.12461779208388,0,True,eclipsing_binary,TIC_317397615.csv,4.04,5182.0,3.8428358864304215,5981.747075884392,0.0027343717985864,Success
15.057807996155056,14.360162462975367,8.0032e-05,0.9011817165796513,0.004301248114366496,1791.4803623927612,0.07509487747144782,0.9978101016188455,0.9980115421122765,0.00018161650545008945,0.9979519464279214,0.9980765555861181,0.2422280839444616,0.04208420506269155,10.610425319183792,26.0,23.0,3.0,4.313710572295868e-05,0.0007183262144322,0.0017923810356278436,-0.7952917647292039,13.28732578328299,165.27715970797,0,True,eclipsing_binary,TIC_348673213.csv,0.611023,3896.0,0.7355184214056417,6995.429306984602,0.0135721582368767,Success
,,,,,,,,,,,,,,,,,,,,,,,304.98726512491703,0,True,eclipsing_binary,TIC_341805908.csv,,,,,,Required feature(s) not computable: ['transit_shape_ratio']
,,,,,,,,,,,,,,,,,,,,,,,73.13537654199172,0,True,eclipsing_binary,TIC_140706664.csv,,,,,,Required feature(s) not computable: ['transit_shape_ratio']
6.002941620745009,4.962463823595919,0.056742697,4.738743313142249,0.022415747414385123,1687.62143827877,0.06021658102290178,0.9993730862515445,0.9993830483659969,0.00010579543243757518,0.9996128760197716,0.9991477486252277,1.5769295235537544,0.02251702675895204,6.129691133805808,5.0,4.0,1.0,1.7189694990226511e-06,0.00034796084346821,-1.6403092868433333e-05,-0.8853109403909524,16.59631067183073,101.61905275005847,0,True,eclipsing_binary,TIC_310981412.csv,1.0,5778.0,2.9616606296105212,2021.628963601585,0.0067575904586157,Success
19.223407254840083,18.285243603085256,8.0032e-05,0.6334326874175754,0.0007424069304493575,2882.4808351999604,0.018230426215547796,0.9993975693643027,0.9994753479281088,5.1976006802226864e-05,0.9992538387468702,0.9997081339403923,3.307506428737213,0.02207296483529577,18.08365549957046,44.0,43.0,1.0,5.046398647782149e-07,0.00032917797951287673,4.116870557901997e-05,-0.39773347941789583,54.82030741069387,282.332511125016,0,True,eclipsing_binary,TIC_192372961.csv,4.77,6716.5,1.2671017695704376,3691.175175167594,0.0055750188196568,Success
,,,,,,,,,,,,,,,,,,,,,,,269.19338779198006,0,True,eclipsing_binary,TIC_166184426.csv,,,,,,Required feature(s) not computable: ['transit_shape_ratio']
9.36987310972469,9.032724703957626,8.0032e-05,1.831699714637018,0.014299884641748695,1387.721045512271,0.04118993807534016,0.9995621225196244,0.9995906792213638,5.2069957036469976e-05,0.9996420982010035,0.9995420209923086,0.680189759244272,0.01881843277889446,7.946211795879773,11.0,10.0,1.0,7.691765688340503e-07,9.716605478431798e-05,4.3204113519990095e-05,0.3045329949640297,24.26714312343306,20.267523334012367,0,True,eclipsing_binary,TIC_220396259.csv,1.71,5825.0,4.13698484064933,578.1855649383826,0.0257597573372157,Success
16.838149449034937,10.287634548685457,8.0032e-05,11.861787726126224,0.0643191164574155,2973.362011817266,0.06369805430424906,0.9817196131449789,0.9844958524069434,0.001108676327417581,0.9842650183576425,0.9847371789130307,0.15195085121302737,0.12159055419315394,19.65735942057063,2.0,2.0,0.0,5.4853174793308494e-05,0.00023608027769411732,-0.0005756941634968982,0.8600124483566987,15.412081638410296,120.65365087497048,0,True,eclipsing_binary,TIC_238162973.csv,0.75,4427.0,3.815493819866098,2292.5498136312503,0.0330049713931084,Success
,,,,,,,,,,,,,,,,,,,,,,,10.278948749997653,0,True,eclipsing_binary,TIC_51318828.csv,,,,,,"Required feature(s) not computable: ['depth_mean_odd', 'odd_even_mismatch']"
17.45676090573519,17.438600134637078,8.0032e-05,0.7206083221191051,0.0027245046138607565,1683.855518140162,0.04976761769480296,0.9970676910972952,0.9974337253527504,6.857602776746594e-05,0.997384888903744,0.9974831790080637,0.5070740424827691,0.0486980987828324,38.79536529651962,37.0,36.0,1.0,5.543631541772761e-06,0.0005314224066899302,0.0019984831676843617,0.7251066322984009,20.034466934136876,115.36463404190727,0,True,eclipsing_binary,TIC_362220495.csv,1.0,5778.0,0.7203925243118706,5196.723430267558,0.1260790281455325,Success
,,,,,,,,,,,,,,,,,,,,,,,3.145779624930583,0,True,eclipsing_binary,TIC_1449756.csv,,,,,,Required feature(s) not computable: ['transit_shape_ratio']
17.3062922521522,17.047642126619113,8.0032e-05,0.4484761536609714,0.0017374097801560462,1790.8527415476722,0.04732080220913654,0.9966988990470131,0.9970650969787024,7.800010726681782e-05,0.9970409958800908,0.9970908420813119,0.22599511376470197,0.05166977255347773,37.16941052695976,52.0,45.0,7.0,9.672120437173218e-06,0.0005482001045980575,0.0029919200405508217,4.575629590633163,21.06259514879006,141.96935283299536,0,True,eclipsing_binary,TIC_11996814.csv,0.627144,3975.0,0.9417882365247467,12043.911224263626,0.007987266897892,Success
10.898436833260668,8.368334409604593,8.0032e-05,1.8743327838942625,0.010500688243601508,3831.5179893108884,0.07467582473342117,0.9976704996660894,0.9979208206622878,0.00011230418937189859,0.997825624333467,0.9980160169911086,0.6003398720393617,0.043404877549074565,17.86073999453441,13.0,12.0,1.0,8.720439352700618e-06,0.0005111801842027573,0.0008188022583466292,0.6970342483015249,13.36001983543654,70.79264366696589,0,True,eclipsing_binary,TIC_1405997635.csv,1.0,5778.0,1.8248227388515783,2066.5200362648407,0.0422063867177545,Success
13.649915369115282,10.736373483436473,8.0032e-05,4.207656337176208,0.026852880661740297,2800.786488622382,0.06976492552707735,0.9948972708463001,0.9950748031337311,0.0002324517596337595,0.9954635757075244,0.9946899182856758,1.1851139953206706,0.06424042499123744,21.126434869224095,6.0,4.0,2.0,1.0547634619468962e-05,0.00043816890297336097,-0.0004923681808977065,3.7478449446073987,14.260708562788588,50.66017820907291,0,True,eclipsing_binary,TIC_16187321.csv,1.42,6702.0,7.419398032618444,3383.761829451992,0.0681869050681873,Success
12.934660655736922,12.228977842609176,8.0032e-05,1.3872415792589263,0.010943218870733462,1628.8189299622868,0.10072337552781246,0.9988954209164763,0.9989959387927846,5.8449644180501424e-05,0.9991082868835901,0.9989013298742115,1.267426553174501,0.0298885987259319,18.103614896822805,18.0,15.0,3.0,2.253359391111646e-07,0.0002864518117573255,0.0009177714036155971,0.9573464327334863,9.917215499203103,5.380424749921076,0,True,eclipsing_binary,TIC_344600402.csv,1.14,5678.0,12.590711782014,54.61627123759527,0.0191286085307798,Success
8.629947349783036,7.999242561435927,0.00040016,11.299502772168278,0.22018034244041562,1962.4175414327146,0.05838147245300897,0.9984943980505501,0.999276866797191,0.0002925669312718071,0.9960841060988477,0.9998998444944288,7.362003354942541,0.03489492193167412,4.920242431062224,2.0,2.0,0.0,1.0472882366526605e-06,0.0019078691977905682,-5.714489483077401e-05,0.19764497242675105,17.102932764401146,57.21595912496559,0,True,eclipsing_binary,TIC_289539327.csv,2.01,6115.7,5.511802606337652,2684.2607913015736,0.0197644274900738,Success
6.532560331711112,6.509210694941632,0.021448579,1.779564003268054,0.010441971459054789,2036.5332419927554,0.0242640750654238,0.9996399628384546,0.9996770222780808,8.894337556511909e-05,0.9996563885114691,0.9997010150299555,0.17600836611383588,0.01706399878105543,3.55666290818996,14.0,13.0,1.0,1.532183713763547e-06,0.00021757737729959607,-1.5235655631107292e-05,-0.764470852528331,41.198354363110965,55.17235350003466,0,True,eclipsing_binary,TIC_271581073.csv,1.56,5803.5,5.8253112109261185,435.91725473157703,0.0277295647760878,Success
,,,,,,,,,,,,,,,,,,,,,,,212.6072146249935,0,True,eclipsing_binary,TIC_267561446.csv,,,,,,Required feature(s) not computable: ['transit_shape_ratio']
,,,,,,,,,,,,,,,,,,,,,,,33.8539437080035,0,True,eclipsing_binary,TIC_5772442.csv,,,,,,"Required feature(s) not computable: ['FAP', 'transit_shape_ratio']"
,,,,,,,,,,,,,,,,,,,,,,,60.069139625062235,0,True,eclipsing_binary,TIC_427352241.csv,,,,,,Required feature(s) not computable: ['FAP']
6.090862253724853,5.883117496993983,0.047058824,5.024935755959318,0.057191720894430365,2827.316710826688,0.12279839774609758,0.9996535119000958,0.9997083960194946,2.5043038198313996e-05,0.9996968860249377,0.9997199060140514,0.3272394797350333,0.016739840226165415,12.286660475702352,6.0,6.0,0.0,3.0120108567324957e-07,9.62409662240741e-05,-8.505054696072989e-07,-1.6386170531055944,8.140607127195711,40.376777832978405,0,True,eclipsing_binary,TIC_275501623.csv,2.45,10445.0,7.324130480681659,3066.656261854761,0.0225412484815475,Success
14.977586778669483,13.764890916427134,8.0032e-05,4.5449325472973285,0.01096047639642439,2175.5331699766843,0.03272489267650627,0.9972395704134697,0.9976675822418742,0.0002524204344162386,0.9977768609437433,0.997559842676651,0.30426782653725715,0.047249311403515785,12.02835272612366,6.0,6.0,0.0,5.303863663090368e-06,0.00044838285462078483,5.665631605722421e-05,-0.13626369018608017,30.473425238439482,331.3066651249537,0,True,eclipsing_binary,TIC_434234955.csv,3.6,7011.0,4.54534841998543,6058.9232423108315,0.0238479758033624,Success
11.14048739983976,10.289487798698048,8.0032e-05,3.2396506259301403,0.02990530418643189,2038.7612697142335,0.053220619948681165,0.9987140213894043,0.9987671613161851,9.972841908338886e-05,0.9988313563571056,0.9986254895017398,0.6858739005593384,0.03224957676186204,18.801015828272163,7.0,6.0,1.0,7.992471952495201e-07,0.00019901621743060414,0.00013216236802626735,0.2909996633568155,18.765546556060983,42.72959379199892,0,True,eclipsing_binary,TIC_149601557.csv,2.01,6113.1,3.2464871859686375,5028.983666394371,0.0446781227380072,Success
7.268096806553044,7.065300224694236,0.006002401,3.0300734029074117,0.028857670452478335,1767.3752030634184,0.04302202213085628,0.9987757717659596,0.9987382509272423,9.082230283854769e-05,0.99877983574973,0.9986550812822668,0.5940265666293613,0.03146576845208475,8.607402319407104,7.0,5.0,2.0,1.2315770890927507e-07,0.0001131050840025067,0.00029413293487245973,0.28767613295202027,23.215453907026305,2.142281834036112,0,True,eclipsing_binary,TIC_127425841.csv,2.0,6905.3,1.041022225379448,500.31801177241596,0.0440609194329675,Success
9.49832360460356,9.460971126303246,8.0032e-05,1.0545583521041817,0.006520262842177216,3434.4700549447757,0.05481181284006675,0.997035548785206,0.9974765674976568,0.00024986884146666136,0.997479181848466,0.9974736023393906,0.007903362139931144,0.0489642718720976,10.676382481987634,17.0,17.0,0.0,3.756518870570651e-05,0.0012189467796459826,0.0012443224892475513,1.026648543499676,18.19015823640822,43.887741832993925,0,True,eclipsing_binary,TIC_285233023.csv,1.45,6240.0,0.5276365203871187,3146.3502385228326,0.0849769383211286,Success
,,,,,,,,,,,,,,,,,,,,,,,88.70439516601618,0,True,eclipsing_binary,TIC_457138169.csv,,,,,,Required feature(s) not computable: ['transit_shape_ratio']
9.38563907604565,9.279049838859585,8.0032e-05,3.994998906297993,0.03739494632840756,2394.2581894355103,0.03328426207893414,0.9986273013577011,0.9988512353512442,0.00014468470431380185,0.9987841051910257,0.9989407422315355,0.3820335956014541,0.033319214080756304,19.194945599513535,7.0,7.0,0.0,6.231220847634033e-07,0.00021910840792576308,8.736824416155642e-06,-0.07535142271861775,30.002987567801295,73.44375500001479,0,True,eclipsing_binary,TIC_69997672.csv,2.2,6244.0,1.3318903246333125,7261.600707694993,0.01474939288548,Success
,,,,,,,,,,,,,,,,,,,,,,,132.08806683297735,0,True,eclipsing_binary,TIC_159244568.csv,,,,,,Required feature(s) not computable: ['transit_shape_ratio']
,,,,,,,,,,,,,,,,,,,,,,,31.743463332997635,0,True,eclipsing_binary,TIC_185226925.csv,,,,,,Required feature(s) not computable: ['FAP']
,,,,,,,,,,,,,,,,,,,,,,,46.849418582976796,0,True,eclipsing_binary,TIC_422653398.csv,,,,,,Required feature(s) not computable: ['transit_shape_ratio']
8.898793642042243,7.390371896118636,0.000240096,7.442990015317892,0.06101434411865814,3042.000055898245,0.13623375098725382,0.9899899506726787,0.9915592641097463,0.0011236288105191334,0.9902198382378226,0.9928986899816697,0.8450649404009698,0.08997570446221081,7.849836200805664,4.0,4.0,0.0,0.0004523957385699052,0.001573308985942366,0.00017599192956085918,0.333046905909592,7.26684792497054,127.15677545801736,0,True,eclipsing_binary,TIC_304950588.csv,1.0,5778.0,8.617179304680812,157.83464476915032,0.0468965680376501,Success
6.352115096316896,4.357577373058231,0.029211685,3.789394211657966,0.03757061176183818,3396.837526038521,0.015851254891901298,0.9990459271977552,0.9988330082993622,0.00018379011033389873,0.9986011869602697,0.9991656215250166,1.0982316319843317,0.02777780370755544,8.032821702435811,8.0,5.0,3.0,1.1676911046551435e-06,0.0007725370013516733,-9.526349747712715e-05,0.4555597394622131,63.02629880162904,41.12837391602807,0,True,eclipsing_binary,TIC_319068154.csv,2.36,9500.0,4.999803851305442,1036.053509539947,0.0263518152978665,Success
9.355372827085356,9.377340281030326,8.0032e-05,1.1948874406965546,0.00752247680942586,2854.3199303821007,0.04326595534368153,0.998483783730496,0.9986155852778723,0.00013420442261198893,0.9986033082246321,0.9986286046645644,0.0665938287063503,0.0350177084910106,37.06634833061642,24.0,20.0,4.0,9.26661083587067e-07,0.0005522711213540457,0.00013623865694500914,1.7065498826424996,23.077816629705197,67.05855879199225,0,True,eclipsing_binary,TIC_269238073.csv,1.5,6153.0,1.1969436018711237,15889.353897189596,0.0146722191140245,Success
,,,,,,,,,,,,,,,,,,,,,,,64.05632683308795,0,True,eclipsing_binary,TIC_279605855.csv,,,,,,Required feature(s) not computable: ['FAP']
9.550821443857982,9.56727063191094,8.0032e-05,1.7897092801563141,0.009916443607679626,1816.5263891442664,0.043960082743739935,0.9934412392258112,0.9943221095794336,0.00029757572582650644,0.9944382125732313,0.9942060065856358,0.2759452780376787,0.07283129668024049,71.56596812583406,14.0,14.0,0.0,3.6836812445644523e-06,0.0003979179027594413,0.00016208577587684125,0.0929254436544675,22.598711768059186,93.91162924992386,0,True,eclipsing_binary,TIC_142090065.csv,1.50581,7072.0,0.8961649062391631,16981.475407714774,0.0279582220080123,Success
17.26113712192281,17.01062664147226,8.0032e-05,0.6213217944854811,0.0014379519153033815,2825.692929959863,0.04246277727158368,0.9997424936272277,0.9997736587017216,1.7894734538501887e-05,0.9997870442896064,0.9997600713210547,0.533419230918455,0.014431156536453446,12.085087216510368,45.0,44.0,1.0,2.802763467022188e-07,0.00011740927351874463,0.00018876223281816262,0.7070565113965153,23.54397328354358,280.74343683291227,0,True,eclipsing_binary,TIC_314338017.csv,6.79,8522.0,0.6216680765963079,297.7036015100465,0.0355306263245234,Success
11.760514242939381,10.963021415227669,8.0032e-05,4.438851195062335,0.030345624226171708,3239.17383839653,0.04624758451171037,0.9973014610533286,0.997446033831372,7.012899995445214e-05,0.9975223227305986,0.9973685712567728,0.7851648924725094,0.04671662844341915,45.62415567019225,5.0,4.0,1.0,3.8534429519054805e-07,0.00010162801510622554,0.00011410954812474117,0.11668388416924369,21.564401072683083,90.89770962495822,0,True,eclipsing_binary,TIC_95010343.csv,1.31,6474.0,4.434866865843039,3483.2421669751534,0.0702275065831167,Success
11.220003312945932,11.227283006501672,8.0032e-05,2.775219895762378,0.019241831968252132,2392.984692092782,0.031015489364816892,0.9971375949095865,0.9975749444754023,0.00024795683831026053,0.9975741403617574,0.9975757414094607,0.0022828118656110724,0.04811413635171986,28.42998551356214,10.0,10.0,0.0,1.754830156355194e-06,0.00015951730276823352,4.427916343863192e-05,-0.1941940025145221,32.14966506511781,103.80868875002488,0,True,eclipsing_binary,TIC_377290815.csv,1.84,6194.2,0.925598307435442,9696.543856748785,0.0120751974230649,Success
21.659208518881314,21.41690085393942,8.0032e-05,2.6534822554873534,0.010135944507763783,1354.4974433212324,0.024136265066013123,0.996234084619773,0.995918714903675,0.000286138343996626,0.9959502880493931,0.9958678470577959,0.09738684862783542,0.05518771660214401,23.8481405685162,11.0,9.0,2.0,1.3007833160263496e-06,0.0011374023818671525,9.868975960503068e-05,0.11378041933594019,41.27540370869539,162.077421749942,0,True,eclipsing_binary,TIC_382474101.csv,1.0,5778.0,1.7301771412149134,3914.80761802343,0.0098206233676873,Success
17.272645084671073,16.484306181563067,8.0032e-05,3.7989926979187185,0.017093875902422617,1956.4139577313215,0.1011101916719839,0.9885336956455996,0.9899427674230925,0.00029003209347343935,0.989865988328223,0.9900458707790599,0.21823585813290441,0.09629835744508497,35.03552798472139,7.0,7.0,0.0,3.954798514183259e-05,0.0007477757470974191,-0.0015012439666701738,0.6079468837367331,9.776795783876524,142.00436970801093,0,True,eclipsing_binary,TIC_233497719.csv,1.01,6051.0,13.033682108011552,4437.372098801018,0.060329673451084,Success
,,,,,,,,,,,,,,,,,,,,,,,57.63590333296452,0,True,eclipsing_binary,TIC_284528889.csv,,,,,,Required feature(s) not computable: ['transit_shape_ratio']
,,,,,,,,,,,,,,,,,,,,,,,153.06301079096738,0,True,eclipsing_binary,TIC_236775063.csv,,,,,,Required feature(s) not computable: ['transit_shape_ratio']
,,,,,,,,,,,,,,,,,,,,,,,62.702105333912186,0,True,eclipsing_binary,TIC_249812036.csv,,,,,,Required feature(s) not computable: ['transit_shape_ratio']
16.36298075864702,11.318730900346134,8.0032e-05,0.8527999555652199,0.00273044481319501,1711.4122910425021,0.014303342645607389,0.9982774433136383,0.9983840048495985,0.000317630925978356,0.9978854973654357,0.999007139204802,1.4797863278115284,0.03732449222822737,12.09492800438945,31.0,18.0,13.0,3.536732235583978e-07,0.001347593890043147,6.1491269644387e-05,0.07354646579132683,69.79329713675098,3.5337617499753833,0,True,eclipsing_binary,TIC_387603144.csv,1.16,6223.0,1.706052623052133,6476.788375999187,0.0126322423142467,Success
8.324304575893406,7.596946723575796,0.000960384,11.965941437678884,0.07551573369796483,1364.0816642584807,0.05686507371016669,0.9880784597567935,0.9898770454764385,0.0011625753789597814,0.9877078701611922,0.9921033043526122,1.370131589838924,0.09819137269482094,7.854416142520793,2.0,2.0,0.0,0.00012748470256960192,0.0021977170957099834,-0.00030466494497183305,3.617222987366676,17.375840657358346,142.72535079100635,0,True,eclipsing_binary,TIC_2760710.csv,1.0,5778.0,2.5290484331691387,1770.0157170104092,0.004636375296134,Success
13.313476115754378,12.419917762423156,8.0032e-05,1.4935936112030017,0.006503374973199749,3236.193694657675,0.047199370914624755,0.9994845946730563,0.9995377766578768,4.343462258738351e-05,0.9995431468857775,0.9995315113919926,0.09496204708547079,0.020416514349068805,10.741886410168776,16.0,13.0,3.0,8.18899881660148e-07,0.00013938763477681134,0.00012614892112838838,1.5420648613200367,21.175803306381894,119.52972099999897,0,True,eclipsing_binary,TIC_69672493.csv,0.81,5125.0,3.8584373423305727,728.553131309595,0.0394177303037248,Success
11.337542024848041,11.126206818949536,8.0032e-05,7.843256273235364,0.0629022242502244,2394.4345174899827,0.15006059953775314,0.9930557962306058,0.9932344496496999,0.00018342282300239736,0.9925803004076388,0.9939016818766023,2.609048629914031,0.07494080863253048,28.4953028074269,4.0,4.0,0.0,1.6510312242365115e-05,0.0008936726508928169,-5.4970763903039455e-05,0.4751073969106833,6.61769844509229,125.45692679204512,0,True,eclipsing_binary,TIC_232679662.csv,1.0,5778.0,12.37703028380119,451.6150786766371,0.0395459017267178,Success
,,,,,,,,,,,,,,,,,,,,,,,80.60506083397195,0,True,eclipsing_binary,TIC_316916655.csv,,,,,,Required feature(s) not computable: ['transit_shape_ratio']
15.673894361528044,15.528124255952168,8.0032e-05,0.8886327557345135,0.003925209232795324,1325.4155920348117,0.04601219973185153,0.9919213106654354,0.9927377860710143,0.00012590685765472562,0.9927762254869155,0.9927005941817956,0.21237751496089283,0.08083093466816461,89.70725154053042,32.0,31.0,1.0,7.109047323877841e-06,0.0008361847894964357,0.0025724629979163582,0.9384960224895332,21.557789378602276,145.984276583069,0,True,eclipsing_binary,TIC_300011941.csv,1.12713,5789.58,0.4447313476010489,11667.20594119719,0.0803606365004153,Success
18.909762176029318,14.757697804383193,8.0032e-05,5.218169563044449,0.02184441932161363,1765.0506827201534,0.11541213185653397,0.9893391015402119,0.9904011553482048,0.0010621195944944912,0.9897862695006034,0.9910198367874583,0.4114965555299963,0.09285473401692369,9.092900193374799,5.0,4.0,1.0,0.0003589906148839196,0.0011686055248420482,-0.0017457497333954741,-0.4925232945091584,8.572227941946652,320.70186274999287,0,True,eclipsing_binary,TIC_427654774.csv,0.275946,3453.0,4.424732085699658,7320.400670443039,0.1136978486906327,Success
11.884511593317859,9.582351409424927,8.0032e-05,3.6857780287331434,0.027423648086550623,2666.684777160206,0.08190339684884036,0.9928985718816761,0.9940464616459271,0.0005473722881381544,0.9938497031384551,0.9941776339842421,0.2086439575773354,0.07578443105740437,10.470075964240516,7.0,5.0,2.0,9.482265161138426e-05,0.0008094231864315196,-0.00047372117268995595,-0.6015681786416167,12.122800885952927,56.22390383388847,0,True,eclipsing_binary,TIC_162577466.csv,1.11792,5801.0,1.6109728960293046,7673.282095213563,0.0066205361023672,Success
13.766496097299123,13.070664472322,8.0032e-05,1.5124581304935918,0.0065975845336935235,3340.493252115646,0.054350303875618906,0.9964446122819113,0.9968694256430886,0.00020233806121362712,0.9970559140580568,0.9966589515798927,0.6945724125036494,0.05362294114466543,16.872315884571567,18.0,17.0,1.0,2.2874083681605124e-05,0.0008012500177122723,0.0005439242206732864,1.0328747481862932,18.33374500650967,53.470073082949966,0,True,eclipsing_binary,TIC_17129975.csv,1.39196,6616.0,3.5565476126425493,237.73552365558004,0.147217636783201,Success
15.309832759938034,15.287231490137266,8.0032e-05,1.7896465508865482,0.007883825824196222,2854.1615186324834,0.02336240832560591,0.9840140507676478,0.9858869838863638,0.00045139784010256046,0.9860720621236753,0.9857252117974548,0.2711491643773793,0.11370416193642534,74.12125375490398,16.0,15.0,1.0,9.988549899279818e-06,0.0008455485144447796,0.0003027705261196001,0.04005850645648825,42.11954679728538,89.4591884589754,0,True,eclipsing_binary,TIC_66783360.csv,1.38,6483.0,0.5967748331487162,26742.74651904285,0.0270414001621457,Success
10.841555350763898,9.619116155199917,8.0032e-05,0.6644105318017768,0.0011947392038030857,1930.6096051007478,0.01841482550068214,0.9997189733063323,0.9997445981020567,3.5935095759893105e-05,0.9997190440739925,0.9997719478185796,0.520003285340638,0.015075819662749667,6.663955406900316,37.0,31.0,6.0,5.6011178670824e-07,0.00016252469539231208,8.197143231158943e-05,0.8065715316529791,54.288810571096626,185.80646470794454,0,True,eclipsing_binary,TIC_202428245.csv,3.37,5019.0,0.3322796519461707,277.3534610107653,0.0258343265502421,Success
14.966649723926352,14.878581191069179,8.0032e-05,1.0618272230272734,0.004423632773800756,1683.6236388854322,0.03633921718093784,0.998351290687794,0.9985795395444849,9.546068679915676e-05,0.9985642795584742,0.9985944834952823,0.1118633275407034,0.0365156631631765,34.47837628108313,26.0,26.0,0.0,1.318465701802073e-06,0.00029810593304848397,0.0002145884952315935,1.0600314072012715,27.473109443080983,58.44699820794631,0,True,eclipsing_binary,TIC_233684822.csv,1.45,5779.0,1.060561854282723,6517.480839711598,0.0146954957402677,Success
7.34779926345067,6.304383324458593,0.005202081,7.869942443591911,0.09979238198273288,2773.1608837201675,0.12951747764936178,0.9968706001037696,0.9973649756540434,0.0003002869523485043,0.9972128151066433,0.9976692967488437,0.5273729523308059,0.050308072573656964,12.0576989615015,3.0,3.0,0.0,2.4931522941157086e-06,0.0002736012598719519,5.8665963556414624e-05,1.0705588651958247,7.696803691642013,4.03474004205782,0,True,eclipsing_binary,TIC_344416349.csv,2.21,6167.0,12.155197570652703,176.34045665881894,0.0225901597488288,Success
12.621666340085449,10.975776116730499,8.0032e-05,3.107335812111341,0.02159933527138902,2450.3556225338,0.04977784436211308,0.9911993151954761,0.9919007590300347,0.0005676947434126839,0.9921051638293272,0.9915402116757271,0.35193447697079805,0.08436559627987406,14.789218261578686,7.0,6.0,1.0,5.950941809626923e-05,0.0013407964100902695,-0.00011946806670271037,0.9927480593786285,19.91245960722835,33.23999749997165,0,True,eclipsing_binary,TIC_28873762.csv,1.44,6241.0,3.962378948839368,598.3524618171643,0.0272457378959505,Success
,,,,,,,,,,,,,,,,,,,,,,,67.10364725010004,0,True,eclipsing_binary,TIC_408729765.csv,,,,,,Required feature(s) not computable: ['transit_shape_ratio']
6.4693221752331596,6.273250450029024,0.023129252,3.2300955038776995,0.038115307828109346,2310.2035934408823,0.10554190761461091,0.9994029216741535,0.9994900619218502,9.67780967087674e-05,0.9995220467997371,0.9994248041844165,0.336484604805577,0.021974692171413762,5.30995556386459,7.0,6.0,1.0,4.172147812380146e-06,0.00019848699418841765,1.1900427396405178e-05,-1.610229880641333,9.469252018103557,30.71413041697815,0,True,eclipsing_binary,TIC_400323948.csv,2.62415,4866.2,0.618917717772184,1061.2734085565512,0.0080320508858818,Success
8.342580473342249,7.516248749444458,0.00080032,2.7566531533897485,0.029350105739367027,2420.0964180492592,0.04853643316690839,0.999096330103257,0.9992375596757891,8.251573777776577e-05,0.999295471176262,0.9991796481753161,0.49671078185628337,0.0270341086220882,9.344300998591276,10.0,10.0,0.0,2.329013266504727e-06,0.00033013471472252806,3.725506544149937e-06,0.6272354535307509,20.584461298743108,41.30240749998484,0,True,eclipsing_binary,TIC_277014266.csv,2.67,5924.0,4.025445075896846,3664.28384952322,0.0069099319184691,Success
,,,,,,,,,,,,,,,,,,,,,,,5.409454582957551,0,True,eclipsing_binary,TIC_332154944.csv,,,,,,"Required feature(s) not computable: ['FAP', 'transit_shape_ratio']"
23.05869968545581,21.906457041091087,8.0032e-05,1.3328776711997872,0.004094029342582628,2257.1544786450336,0.045990851807532505,0.9703846684317572,0.9713354205534289,0.0007562106964865626,0.9713492383899113,0.9713215428994726,0.012949277212673336,0.15476239661434676,40.65061421828815,18.0,14.0,4.0,0.0002322197376594955,0.0029226533137947795,0.005728379210413248,1.1281649890281775,21.099515018611267,147.54501995805185,0,True,eclipsing_binary,TIC_176772671.csv,0.594491,3947.0,2.4758214889043533,7027.464578109432,0.0087981416604964,Success
,,,,,,,,,,,,,,,,,,,,,,,39.62553591595497,0,True,eclipsing_binary,TIC_93963408.csv,,,,,,Required feature(s) not computable: ['transit_shape_ratio']
18.020584605461714,18.036410183806847,8.0032e-05,1.5394340692114807,0.006162933751407862,3748.5382744622248,0.029489719249960973,0.9993634776898898,0.9994315534552408,5.215983301200038e-05,0.9994354270944377,0.9994280420988465,0.05022676322155561,0.022688927217955006,11.722940402709682,18.0,17.0,1.0,6.257200075243878e-07,0.00011824125083711499,0.0001236917602344123,0.8300539293533112,33.88853821289643,82.09325179096777,0,True,eclipsing_binary,TIC_370877263.csv,1.28,6429.0,1.5381024242949344,1058.514510514641,0.021358531779832,Success
15.733663029937075,11.600246473001574,8.0032e-05,9.663503825346346,0.06686276365418298,2209.5145641596937,0.056412482440543386,0.9944635805019981,0.9954026578083125,0.0008542254470990736,0.9954264130278704,0.9953789025887547,0.01966443469273712,0.06691471638592678,64.33509962985254,2.0,2.0,0.0,6.091163289974824e-07,2.3755219557830554e-05,-9.893709486785696e-06,-0.32705304315075645,17.628431465502782,108.75333195796702,0,True,eclipsing_binary,TIC_250484865.csv,1.11,5998.0,9.665097298275413,44469.046498233576,0.0200656578428135,Success
,,,,,,,,,,,,,,,,,,,,,,,65.70913595892489,0,True,eclipsing_binary,TIC_233503636.csv,,,,,,"Required feature(s) not computable: ['FAP', 'transit_shape_ratio']"
14.290764118591289,11.84255294844051,8.0032e-05,7.368247263897843,0.043432469837714205,2235.408322524133,0.15488856007200766,0.9989902044464073,0.9991441273441843,7.849888913956443e-05,0.9991114992846447,0.9992093834632633,0.4323785233592136,0.02857747634008472,11.01196372197867,3.0,3.0,0.0,2.0049108306571817e-06,5.116256093903789e-05,-2.079754813122392e-05,-0.016378727413983038,6.449735241789174,97.25481608393602,0,True,eclipsing_binary,TIC_148659924.csv,1.0,5778.0,7.005411230338979,3941.1279096716044,0.0056460498052987,Success
,,,,,,,,,,,,,,,,,,,,,,,46.78388595790602,0,True,eclipsing_binary,TIC_122220263.csv,,,,,,"Required feature(s) not computable: ['FAP', 'depth_mean_odd', 'odd_even_mismatch', 'transit_shape_ratio']"
,,,,,,,,,,,,,,,,,,,,,,,79.19009516597725,0,True,eclipsing_binary,TIC_408729765.csv,,,,,,"Required feature(s) not computable: ['FAP', 'transit_shape_ratio']"
9.91585664500861,9.34172819091859,8.0032e-05,6.111854259528325,0.06301031517217659,2285.4294815321337,0.1145994841385161,0.9960274727413897,0.9966678131176993,0.00016159968429308645,0.996803952196135,0.9965308489539397,0.5988240535705442,0.056681402773758896,22.049391140237166,4.0,4.0,0.0,7.450417199363563e-06,0.00024220671147074987,-5.642591826782173e-05,2.341629595415464,8.69137832712662,23.897426999988966,0,True,eclipsing_binary,TIC_461080504.csv,1.82219,7023.2,3.182603142198496,158.57043738920495,0.0022006026095298,Success
10.78541824642098,10.544407793330587,8.0032e-05,4.011657362688076,0.036167112674120316,2232.713831377333,0.039867968514119514,0.9972234903678717,0.9976245863781558,0.00023524000401642278,0.9976453501158563,0.9976042999677582,0.06172139871950399,0.04738672984057608,29.326435824071403,6.0,6.0,0.0,1.1517196721595695e-06,0.0002740655051064772,6.007556724196839e-06,0.015058013668397732,25.013150344359737,38.23832587490324,0,True,eclipsing_binary,TIC_93963408.csv,1.87739,10393.0,4.005582965558841,7513.162884492442,0.021789715265374,Success
,,,,,,,,,,,,,,,,,,,,,,,105.03807204205077,0,True,eclipsing_binary,TIC_317951248.csv,,,,,,"Required feature(s) not computable: ['depth_mean_odd', 'odd_even_mismatch']"
9.648533109252405,8.623582812739034,8.0032e-05,5.462494506266269,0.0491210855373061,3668.0484779799986,0.11062664984049106,0.9966076284015283,0.9970477569085042,0.00041331964181534533,0.9965996695229439,0.9973200125351739,0.5966120524882333,0.05237919940457285,6.531852491689246,5.0,4.0,1.0,5.165405687701935e-05,0.0006795083396211035,-0.0002583825234894199,-0.2897389513727401,9.008748161844403,33.755561124999076,0,True,eclipsing_binary,TIC_81231810.csv,1.64,5878.0,3.0133788942252644,9422.08366012598,0.019698848657815,Success
17.677198100273003,17.381906755124795,8.0032e-05,0.7136560634542397,0.0024642079868728572,3803.644630556373,0.05106673865905702,0.994813182252199,0.9952533254888701,7.986498658578088e-05,0.995173848972518,0.9953379852562882,0.7263409485078466,0.06476757563421763,55.829760467101686,35.0,31.0,4.0,7.561878627917575e-06,0.0010835633167589325,0.003771105037056799,0.9233863623796603,19.480648429381585,200.14272629108746,0,True,eclipsing_binary,TIC_151728428.csv,0.64,3827.0,0.713816120896354,7563.519856494172,0.0735407174112967,Success
10.754230214632768,10.545867851479775,8.0032e-05,1.7616605721204788,0.013414051203944344,1871.9027809338716,0.1630675376192287,0.9992417121008805,0.9993096313253412,3.042226105237808e-05,0.9993133040854522,0.9993046886438717,0.09924911516767759,0.024764194685328877,22.035244279505054,15.0,14.0,1.0,1.5956405810174535e-06,7.754900985799338e-05,0.0006840313496206951,1.2066068843447926,6.1277782610182205,85.6571387910517,0,True,eclipsing_binary,TIC_232967666.csv,1.14,5807.0,1.7620442305320163,859.0707747071491,0.1666085647145894,Success
16.443254303336033,15.910046642526977,8.0032e-05,0.762414781322255,0.0023671024944517116,3560.013182272158,0.029190272725862165,0.9858978269697787,0.9880271169200867,0.00038294945754471706,0.98781283698399,0.9882413968561833,0.39608154706686677,0.1067948146596617,31.981136556570696,32.0,32.0,0.0,9.377123334581487e-05,0.0027841358134927403,0.004567023127865166,0.8751254161209439,33.77487549461254,250.5587772920262,0,True,eclipsing_binary,TIC_305478010.csv,0.56,3858.0,0.7623769271313448,21414.668861801987,0.0363716256992937,Success
14.361403571597348,11.666704416266594,8.0032e-05,2.475594603681257,0.01376369254704235,3313.5681088171355,0.051442159862252965,0.9953134268763368,0.995193350847733,0.0004273243293290338,0.9955762753872431,0.9944171524568343,0.917171732366463,0.0615651363497441,10.682585064099776,11.0,7.0,4.0,4.47861574531284e-05,0.0007331652580121348,0.00028696409521278277,-0.733591132857104,19.348204459950644,68.92252083308995,0,True,eclipsing_binary,TIC_41422753.csv,0.97,6114.0,1.8283470750409627,465.57450936424164,0.0093987045231221,Success
6.906583510067116,6.717118068382097,0.010964386,2.8851537473499422,0.05092005735366878,3237.0405183330176,0.11440255247380861,0.9962558086410798,0.9965851084695393,0.00010965733395573082,0.9967427134549894,0.9964671435258846,0.8797963027562458,0.055028308728569335,95.08344456747353,8.0,7.0,1.0,8.603302386788558e-07,0.0004382066086380553,0.000456667065801164,0.8809294663153965,8.708335496877687,21.659500624984503,0,True,eclipsing_binary,TIC_75427473.csv,2.66,5110.7,2.873197289225037,7563.519856494172,0.1124088878154632,Success
,,,,,,,,,,,,,,,,,,,,,,,78.48381645802874,0,True,eclipsing_binary,TIC_408549705.csv,,,,,,"Required feature(s) not computable: ['depth_mean_odd', 'odd_even_mismatch']"
,,,,,,,,,,,,,,,,,,,,,,,66.75004266598262,0,True,eclipsing_binary,TIC_268042363.csv,,,,,,Required feature(s) not computable: ['transit_shape_ratio']
15.42066006891078,14.52110870557165,8.0032e-05,3.413697559976892,0.015719347360462876,3315.2270252008525,0.08993438403069856,0.9952355273519379,0.9959486230049439,0.00029308376423109613,0.9961095501762481,0.995793909237937,0.38065483242469206,0.06207469093052532,13.934795245742455,8.0,8.0,0.0,4.2678708565196216e-05,0.0006729344586112853,-6.632351488033983e-05,-0.14186309319853413,11.066240549467935,75.26115995796863,0,True,eclipsing_binary,TIC_172871230.csv,1.08,6109.0,1.4227347658870115,2732.227689741573,0.0301253082385319,Success
7.743710378789883,7.245771425950657,0.002480992,5.338864594530641,0.07028659364426781,3317.825426214878,0.11919034226200448,0.9983163340259348,0.9983598084959908,0.0001955858727729267,0.998363952916513,0.9983556640754686,0.014986014985079682,0.03690074330586371,8.349461372974597,5.0,4.0,1.0,1.3206647527974615e-05,9.39674846194958e-05,-0.00019920681802299,1.1819050345671396,8.375815649823654,16.40040412498638,0,True,eclipsing_binary,TIC_20988926.csv,2.66,6987.0,0.7149866781646128,2977.498210870011,0.0060507625900714,Success
,,,,,,,,,,,,,,,,,,,,,,,50.11375237500761,0,True,eclipsing_binary,TIC_301051430.csv,,,,,,Required feature(s) not computable: ['transit_shape_ratio']
9.842752513168165,9.472257081696865,8.0032e-05,1.5469228475454426,0.009527128288459918,2088.3631202485567,0.023542281928639545,0.9974364961186452,0.997706355754671,0.00029752739116827335,0.9974079294966545,0.9980550121749278,0.7698972126338688,0.04553277681018071,8.949200181507065,16.0,13.0,3.0,1.4466153070741739e-05,0.0010895007737811125,0.00016282719564775228,0.715856803084253,42.36787662054324,34.18372054200154,0,True,eclipsing_binary,TIC_13023738.csv,1.71,5657.0,0.7726714456667907,7481.4353172235615,0.019304959530103,Success
6.915315960983623,6.627690490154331,0.010884354,5.338864594530641,0.07028659364426781,3317.825426214878,0.11919034226200448,0.9983014191010159,0.9983682281984234,0.0001956743241167817,0.9983807923213782,0.9983556640754686,0.04541130549517879,0.037063827406966524,8.284380655870363,5.0,4.0,1.0,1.3281459655454169e-05,9.210757580060166e-05,-0.00022360984503921877,1.910773554846147,8.375690514475975,27.617472624988295,0,True,eclipsing_binary,TIC_20988926.csv,2.66,6987.0,1.6131886297519364,3510.465579486199,0.0436200778708435,Success
12.901981567589111,11.233782476651605,8.0032e-05,2.128878405885332,0.016623236423590093,3830.194969254771,0.0737076019724061,0.9935162664214955,0.9942218557148613,0.00047200490733944147,0.9956086699537345,0.9931115265932319,1.8754829256724432,0.0724135314124061,13.36270293991351,12.0,11.0,1.0,0.00010685576461607782,0.0034080861411599035,0.0011281899358075442,-2.0048836071357337,13.479156014239047,72.31072166597005,0,True,eclipsing_binary,TIC_327210623.csv,1.0,5778.0,1.383890627713103,270.64915123198307,0.099056111484152,Success
8.885894943049566,7.691873608756921,0.000240096,2.73084730791801,0.02360989288614168,1388.6177008390853,0.0832961649771286,0.9986031652198941,0.998718546545217,9.161288667439697e-05,0.9984426320102358,0.9989960025021813,2.1632317522967677,0.03361086325000642,15.704187350482428,7.0,6.0,1.0,2.392002083583649e-06,0.0003399441877656047,0.0003972385492265751,-0.17424196862020508,11.988585134670844,63.694244500016794,0,True,eclipsing_binary,TIC_219239945.csv,1.10089,5837.0,5.474429208252249,3519.1881196176,0.1256999786700547,Success
5.815381448861128,4.03755664848747,0.077070828,11.216379926636478,0.21865270948945792,1443.1331938199528,0.175036482924685,0.999513988967516,0.9995269316990937,5.3632422856540735e-05,0.9998548152672462,0.9988496640009427,9.13195878644559,0.019825776719247453,12.15881465121911,2.0,2.0,0.0,2.813746212259012e-07,0.0005025756331517583,1.6222111517860682e-05,0.2547070137632937,5.710318056365361,45.822813665959984,0,True,eclipsing_binary,TIC_70887357.csv,1.94771,5463.0,7.979198828263142,1716.0421866148079,0.0201647604830486,Success
15.134966904200578,14.963723650380876,8.0032e-05,1.3205538782707027,0.006486637354026881,3236.631654408821,0.06123707089674258,0.9883549886572461,0.9891945701878839,0.000135546406507564,0.9892301196794484,0.9891539421975248,0.19786835086765514,0.09704588050737747,87.2957868351651,18.0,15.0,3.0,1.0251137848578253e-05,0.0003723788657545404,0.005794698301498036,0.9636523190538738,16.139814889640977,201.71427229198162,0,True,eclipsing_binary,TIC_29374525.csv,0.71,4689.0,1.320334127682476,19759.770347011596,0.09592930070933,Success
6.545133716233495,5.014894092897965,0.020888355,0.3024926018031073,0.0002981164824750471,1738.7225719414837,0.009847366754372113,0.9986130238734143,0.9983938145508472,0.0003364180258251211,0.9978476115778799,0.9989294730648771,1.1398812287007603,0.03349204297107242,4.917981945086407,80.0,73.0,7.0,5.4870826711644476e-05,0.00287453956562676,0.0005186751376443643,1.8402469244370951,101.40914305136874,243.17300916695967,0,True,eclipsing_binary,TIC_441738827.csv,0.466766,3630.0,0.6455162685554476,419.281961204776,0.046858926714098,Success
12.801100770274557,13.053342124081144,8.0032e-05,0.9150707401893955,0.0032975183854086487,2797.697088836022,0.07553074337835614,0.99934865312199,0.999435769667531,3.224069630001366e-05,0.999433086271506,0.9994382812204606,0.05690356941355526,0.022951618408962544,17.309318971085133,30.0,29.0,1.0,1.667165788335809e-06,0.00024213991341045515,0.0005061185552244218,0.4133228154072398,13.231018369777628,427.7006750419969,0,True,eclipsing_binary,TIC_294176967.csv,3.5,7875.0,0.3617556182157271,1626.5522277063571,0.0228974536441371,Success
9.319183083769207,8.022290747292404,8.0032e-05,6.257406776192599,0.03789626104530264,1712.5580434660742,0.04944107448852724,0.9951720902392267,0.9955407008712222,0.0005994980667742057,0.9955319517640718,0.9955484500804125,0.00976083922041966,0.062486574710296,7.4909274368440695,4.0,4.0,0.0,4.658801479972747e-05,0.0010110994179324778,-8.680555216500352e-05,-0.08625032988835767,20.128447865148146,76.45207604195457,0,True,eclipsing_binary,TIC_43064903.csv,1.0,5778.0,4.60898395866757,5228.744609938385,0.0197022403876486,Success
,,,,,,,,,,,,,,,,,,,,,,,203.62754912499804,0,True,eclipsing_binary,TIC_377165123.csv,,,,,,"Required feature(s) not computable: ['FAP', 'transit_shape_ratio']"
,,,,,,,,,,,,,,,,,,,,,,,9.318859583931044,0,True,eclipsing_binary,TIC_139285736.csv,,,,,,Required feature(s) not computable: ['transit_shape_ratio']
,,,,,,,,,,,,,,,,,,,,,,,104.9204198330408,0,True,eclipsing_binary,TIC_190271688.csv,,,,,,Required feature(s) not computable: ['transit_shape_ratio']
,,,,,,,,,,,,,,,,,,,,,,,1.701371958013624,0,True,eclipsing_binary,TIC_368536386.csv,,,,,,Required feature(s) not computable: ['transit_shape_ratio']
,,,,,,,,,,,,,,,,,,,,,,,46.23732837499119,0,True,eclipsing_binary,TIC_200807066.csv,,,,,,Required feature(s) not computable: ['transit_shape_ratio']
16.476895330286787,15.58775624729611,8.0032e-05,3.1174270171369205,0.019378667171479735,3559.9942206604064,0.1554090119924902,0.9913282310158382,0.9926159010330532,0.0003253703102735233,0.992982696193858,0.9922499282829226,0.7981155515146942,0.08374540683488758,23.199196927063767,8.0,8.0,0.0,8.991785237781846e-05,0.0005309890514960069,0.0003257721311822337,0.6016765587034573,6.3788336230059945,214.23827162501402,0,True,eclipsing_binary,TIC_305478010.csv,0.56,3858.0,8.893116316957585,538.5788758639487,0.0273001299365234,Success
21.342860876784844,21.327183748887016,8.0032e-05,0.9423661478544579,0.002786020820682411,1354.2817809387338,0.028989807094149597,0.9960402016979978,0.9964719063131199,8.291171312814122e-05,0.9964926784933792,0.9964495954528412,0.1840452497563643,0.05659051931855981,139.5967334403331,29.0,27.0,2.0,4.7347506260659937e-07,0.00028554789223337636,0.00033907271939104255,0.7279914739191385,34.358290086690765,107.08867075003218,0,True,eclipsing_binary,TIC_144440290.csv,1.0929,5709.0,0.941761769455252,6226.016522618783,0.0327857473557182,Success
15.817128415891561,9.802100452813496,8.0032e-05,1.6241282614768688,0.0063750724334913356,1765.1109277905284,0.05681671364904462,0.9978955443017578,0.9980683552346227,0.0001559255529318128,0.9978935882309171,0.9982576861553035,0.8519325698298394,0.04125504267302867,11.808783343638913,14.0,11.0,3.0,6.648337013454297e-07,0.00044437119200288033,0.0008835492974809123,-0.3149021729729895,17.56341541444535,10.629398333956487,0,True,eclipsing_binary,TIC_241065596.csv,3.96,6628.0,1.9663663102142377,1278.7052551406218,0.0200530953434727,Success
,,,,,,,,,,,,,,,,,,,,,,,221.03714970801957,0,True,eclipsing_binary,TIC_172630205.csv,,,,,,Required feature(s) not computable: ['transit_shape_ratio']
9.184244075310907,7.683196338168841,8.0032e-05,3.6246118853200078,0.02807881573405746,2718.8818444447975,0.05303662560144856,0.9966083059627543,0.9964461485759983,0.00036880350386695354,0.9970147449341962,0.9957279215972225,1.2374065772374636,0.05237396827263011,9.808410164047691,7.0,5.0,2.0,2.2374457009697148e-05,0.001761991656577952,-2.5832020655869314e-07,-0.060640000644254226,18.790944835968872,22.329777291044593,0,True,eclipsing_binary,TIC_198616607.csv,1.63,5979.9,0.1714861290284732,541.0393219563714,0.00770196039045,Success
,,,,,,,,,,,,,,,,,,,,,,,88.55799012503121,0,True,eclipsing_binary,TIC_15247229.csv,,,,,,Required feature(s) not computable: ['transit_shape_ratio']
,,,,,,,,,,,,,,,,,,,,,,,1.25410116603598,0,True,eclipsing_binary,TIC_185405474.csv,,,,,,Required feature(s) not computable: ['FAP']
15.771175151452315,14.738710595233465,8.0032e-05,8.479236787680636,0.07636125235023439,3241.372358658049,0.04431300773111281,0.9970043791569979,0.9965675600446313,0.0006165533154951767,0.9975719438996514,0.9943076963708364,2.4666354583542573,0.04922101539767277,10.369819672960682,3.0,2.0,1.0,2.812530966478919e-06,0.0016321237644075226,-7.860227571709899e-05,1.2436231613758841,22.49913581146934,45.818207458010875,0,True,eclipsing_binary,TIC_229285649.csv,1.41,6287.0,0.8592522183379255,174.4885283532227,0.0290766167592161,Success
12.175245725983654,12.174418917512893,8.0032e-05,1.2443553141539045,0.006205281092797943,2230.1718274362897,0.085924751790991,0.9988503918655537,0.9989747965925636,4.188841161243802e-05,0.9989895634710936,0.9989583853672979,0.26268111764974533,0.030491729677626596,24.14415559337636,20.0,19.0,1.0,1.7372452611646304e-06,5.500815332936061e-05,0.0008167137579285777,0.8064574246026165,11.624710820174643,33.68794675008394,0,True,eclipsing_binary,TIC_175310067.csv,1.53641,7601.0,1.244381341264328,1261.273140364616,0.0923314425550766,Success
11.568048685014796,9.712898573271206,8.0032e-05,4.232595367917758,0.024213366349503218,1571.5144773446632,0.03054922146346919,0.9992778328140304,0.9992506920172098,7.256117036046323e-05,0.9989786419018188,0.9997359706014206,4.07064432720726,0.02416718253443983,12.377109568339538,6.0,5.0,1.0,3.770608558516192e-07,0.00040825257039219177,5.113982635041037e-05,0.38184093282692,32.710418954832235,54.22836654202547,0,True,eclipsing_binary,TIC_308034948.csv,1.1512,5824.0,8.464211724659696,1205.2447268108278,0.0316545494673261,Success
6.4578155946462985,6.514161354482259,0.023609444,1.0340437948742134,0.001904051913837801,2883.3144416517407,0.023350520924515342,0.9986982145655953,0.9987340544024781,0.00025081311028256705,0.9984176326904901,0.9990328971304668,0.8679153188961929,0.032447171988862586,5.0654442726174596,26.0,25.0,1.0,2.6248978996699473e-05,0.0011071841739356463,0.0004350274742634941,0.2879025650769482,42.769847310647265,356.3036422500154,0,True,eclipsing_binary,TIC_470911286.csv,3.11,4949.0,1.0336788332741529,1239.8604830423653,0.0449236056346271,Success
,,,,,,,,,,,,,,,,,,,,,,,28.64202612498775,0,True,eclipsing_binary,TIC_330468175.csv,,,,,,Required feature(s) not computable: ['transit_shape_ratio']
9.01340703357866,8.982733805142306,0.000160064,1.4540583813540224,0.007455887537336059,2771.002554159906,0.0517961177796622,0.9960677559625334,0.9964638989108472,0.0002741498825076383,0.9963502952646491,0.9965778837773347,0.29392906339822356,0.05639328298034372,12.595417951564526,18.0,16.0,2.0,4.651365407255048e-05,0.0013668686325749657,0.0017487874964312589,0.9884212221462264,19.230548517163975,44.94877716701012,0,True,eclipsing_binary,TIC_269269740.csv,1.57,6527.4,0.7274817049813875,5657.700623639572,0.0832994478392256,Success
10.818530241883678,9.883672888915493,8.0032e-05,4.891010876145072,0.021942402581244025,1740.5439617799912,0.06605831856764798,0.9992136239372584,0.999269306591199,9.690792219543117e-05,0.9992223779569542,0.9993167292110675,0.3445711811278665,0.02521867642724817,7.371339380750859,5.0,4.0,1.0,1.8715356549944334e-06,7.323686442240601e-05,-9.874113009233909e-06,-0.22893785148570822,15.126234600022393,62.09113929106388,0,True,eclipsing_binary,TIC_418959198.csv,0.799965,4528.99,1.0278040929204293,117.44289579396217,0.0888822565652753,Success
16.893984445169384,15.623002541943613,8.0032e-05,2.9673884206391583,0.017193701246778437,3666.4229149012513,0.0715969500678772,0.9790196858065255,0.9807792733248235,0.0005056906863804234,0.9812008210212673,0.9804569133216606,0.5160381289903871,0.13026061992779117,39.931712759507526,8.0,7.0,1.0,8.118550623826686e-05,0.0016873362908259356,-0.0025225583009689245,0.6578845038375213,13.674041769633622,72.65591129206587,0,True,eclipsing_binary,TIC_98286422.csv,0.88,5306.0,2.907581001956235,11695.133628862432,0.0921478934536477,Success
9.637701951638334,7.267725560505783,8.0032e-05,2.2668605911087725,0.014357384575830245,1929.6520543407437,0.023416877487347987,0.9993721140558404,0.9993378656787621,9.969102660739968e-05,0.999978038348926,0.998765475997204,5.273555799107692,0.022534479300376657,11.248505934622575,12.0,10.0,2.0,5.691061807586122e-07,0.0007271983000957057,2.5934731920695953e-05,0.3896993165462253,42.67742847421889,19.12098404194694,0,True,eclipsing_binary,TIC_207468071.csv,1.62,6351.0,9.068424948342862,3361.457603237583,0.0170103341215394,Success
,,,,,,,,,,,,,,,,,,,,,,,53.4801272500772,0,True,eclipsing_binary,TIC_190271688.csv,,,,,,Required feature(s) not computable: ['transit_shape_ratio']
,,,,,,,,,,,,,,,,,,,,,,,31.145234290976077,0,True,eclipsing_binary,TIC_89702406.csv,,,,,,"Required feature(s) not computable: ['FAP', 'transit_shape_ratio']"
,,,,,,,,,,,,,,,,,,,,,,,100.71205500001088,0,True,eclipsing_binary,TIC_11996814.csv,,,,,,Required feature(s) not computable: ['transit_shape_ratio']
,,,,,,,,,,,,,,,,,,,,,,,10.711652208003215,0,True,eclipsing_binary,TIC_365781372.csv,,,,,,Required feature(s) not computable: ['FAP']
,,,,,,,,,,,,,,,,,,,,,,,33.84360399993602,0,True,eclipsing_binary,TIC_360816293.csv,,,,,,Required feature(s) not computable: ['transit_shape_ratio']
,,,,,,,,,,,,,,,,,,,,,,,1.0409991249907762,0,True,eclipsing_binary,TIC_320506985.csv,,,,,,Required feature(s) not computable: ['FAP']
12.740579759814475,12.732166777518367,8.0032e-05,1.8990294955748872,0.015014204124628394,2474.208684674388,0.04487841461562998,0.98410294502805,0.9858328877113772,0.00044839495008583945,0.9861071785776305,0.9855600107155688,0.4318646300978006,0.11338757960449018,168.3261223558766,13.0,12.0,1.0,4.649847213484798e-06,0.0012259246872064649,0.0004587210839411826,0.33201945379308,21.928202086829344,16.35725970810745,0,True,eclipsing_binary,TIC_96291218.csv,2.05,8001.0,1.9013309548429405,30038.490267095818,0.0498107949562718,Success
22.855740105098814,22.33113106432517,8.0032e-05,0.8525124656965971,0.0019828201247233945,2174.7285046005045,0.02316550212481117,0.9924387409020003,0.9932607632535309,0.0002339815055613827,0.993585664246061,0.9929443012478194,0.9710051766794082,0.07819954153003211,59.30465488498877,30.0,28.0,2.0,6.394610092647295e-06,0.0011265926164552543,0.000896279751698259,0.5755903124441181,42.841235884071736,78.42909387499094,0,True,eclipsing_binary,TIC_189013222.csv,0.84,5136.1,0.853092133886894,12147.116314789597,0.0241125155762124,Success
10.556841173743459,10.52951293598153,8.0032e-05,2.680926636656039,0.027125088666093866,3534.225359017916,0.03039650189249198,0.9915092033565733,0.9928189436425684,0.00042822008312046623,0.9926732738907311,0.9929632891239345,0.23961792769660434,0.08286695231134857,40.16020856260049,10.0,10.0,0.0,7.300974390394832e-06,0.0004976106725135484,0.00021546555642015797,0.006978416771613638,32.6191877888909,19.861807790934108,0,True,eclipsing_binary,TIC_289125016.csv,2.49,6122.0,1.3402000059534775,22741.849633527654,0.0233136562352592,Success
,,,,,,,,,,,,,,,,,,,,,,,856.2514357499313,0,True,eclipsing_binary,TIC_142938659.csv,,,,,,Required feature(s) not computable: ['transit_shape_ratio']
18.45111129639983,18.132205195073812,8.0032e-05,0.5856842934712437,0.0014593892373948592,3690.2553274041943,0.025427606971138366,0.9945515068665727,0.9950590657808799,0.0003274220837831963,0.9949101705044796,0.9952086751833062,0.3227386823304325,0.06638123847638991,15.402738102856107,48.0,46.0,2.0,8.599515391419802e-05,0.0021582455390097345,0.0022048307576968407,2.80899771468543,39.11305959681694,112.69828554196283,0,True,eclipsing_binary,TIC_418971787.csv,0.73,4963.0,0.585490589873931,5563.6068822320085,0.0304943953492677,Success
13.958175716666336,13.325986763676415,8.0032e-05,1.4245802433446628,0.006040915324039164,1956.2962255579225,0.06003682845663963,0.9987335631067229,0.9988638557507467,7.918528866333147e-05,0.9989063697283689,0.9988102457496391,0.42680428388647773,0.032003606631719736,15.224993767122333,19.0,18.0,1.0,4.323728821774277e-06,0.00035085845529451423,0.0003643743931531773,0.20725462667239664,16.635348481608048,27.7207217089599,0,True,eclipsing_binary,TIC_356919658.csv,1.32,6404.0,3.8221370194245377,1430.736215443762,0.0030234686778113,Success
,,,,,,,,,,,,,,,,,,,,,,,19.92065491701942,0,True,eclipsing_binary,TIC_467281353.csv,,,,,,Required feature(s) not computable: ['transit_shape_ratio']
8.184728513974774,7.989304887122124,0.001120448,3.6575430119745653,0.0315359738257357,2065.3043830388583,0.038175391024462706,0.9845598688406673,0.98570940583866,0.0003200923091339942,0.9857315508464389,0.9856947314359148,0.039458157495957075,0.1117461680555998,51.12106104286075,6.0,5.0,1.0,1.0594196460844934e-05,0.00028349689095782493,0.0004986535590496555,0.019489343127177955,25.790433114614686,22.765838540974073,0,True,eclipsing_binary,TIC_206498307.csv,1.69269,5184.9,1.2193696868262824,26019.647200530406,0.0596878532220881,Success
,,,,,,,,,,,,,,,,,,,,,,,7.329102499992587,0,True,eclipsing_binary,TIC_427279997.csv,,,,,,Required feature(s) not computable: ['transit_shape_ratio']
,,,,,,,,,,,,,,,,,,,,,,,31.03938820795156,0,True,eclipsing_binary,TIC_456042145.csv,,,,,,Required feature(s) not computable: ['transit_shape_ratio']
,,,,,,,,,,,,,,,,,,,,,,,61.145753083052114,0,True,eclipsing_binary,TIC_29117085.csv,,,,,,Required feature(s) not computable: ['period_uncertainty']
11.39148296924577,10.96019690377224,8.0032e-05,2.3361381215098644,0.017469847357893142,2825.3412466048176,0.13163511332752184,0.9987279243417695,0.9989117789603306,6.908413104451669e-05,0.9989425735959677,0.9988809843246931,0.31553354631404884,0.0320747749578064,15.496834649876906,12.0,12.0,0.0,5.554264092358452e-06,0.0002387200753297645,0.0004505018546168138,0.16074535942351345,7.58709358844726,16.49512883310672,0,True,eclipsing_binary,TIC_328750515.csv,2.0780001,7577.0,2.776594176582973,2359.8904280022202,0.013415391528868,Success
30.978302416262416,29.61232913358688,8.0032e-05,5.4071416664733345,0.009252871690790254,3533.4895376477584,0.03698432953328234,0.9890763226843591,0.9906042670479664,0.0005297282381121372,0.9907091203432556,0.9904414685105443,0.17619927755423215,0.09399214876267377,140.56438053989888,5.0,5.0,0.0,3.222386606626935e-07,0.000146363193707096,2.113788273527817e-05,-0.014455341247404363,26.743118914573955,106.95596383395605,0,True,eclipsing_binary,TIC_331484419.csv,3.81,5608.0,5.407957702742079,17249.8893724754,0.0362132485747188,Success
11.6158959599879,9.837318884531044,8.0032e-05,1.3769792304410744,0.010011521922553834,1792.0679703781723,0.10507772826730688,0.9994149885466665,0.9994919370477294,4.99945844133311e-05,0.9995352772075851,0.9994411671461841,0.6693275047372315,0.02175150599115905,10.472420695918585,17.0,15.0,2.0,1.79320605228997e-07,0.00018747774416552114,0.0003804692350172223,-0.5092037982010899,9.511197139742668,2.4082018330227584,0,True,eclipsing_binary,TIC_54364414.csv,1.02,5825.0,0.7373869958178696,319.81542749714987,0.0167827559259754,Success
11.553811530607696,11.371994418282025,8.0032e-05,1.9134705301784753,0.015712956755187357,1739.155223988731,0.08606298377963603,0.9984846775182196,0.9985883213957286,2.4631327164853875e-05,0.998539832058102,0.9986366522714676,1.3960636639428212,0.03500738575129435,65.28570546020633,12.0,10.0,2.0,2.922269317776701e-07,9.628986355610263e-05,0.0007007838439542224,1.1433760744652193,11.601790150279196,36.26455879199784,0,True,eclipsing_binary,TIC_367607434.csv,1.0,5778.0,1.915822023552462,1861.6873668599876,0.1074810079828584,Success
,,,,,,,,,,,,,,,,,,,,,,,0.622740791994147,0,True,eclipsing_binary,TIC_48178229.csv,,,,,,"Required feature(s) not computable: ['FAP', 'transit_shape_ratio']"
13.140820591718416,13.073216093505014,8.0032e-05,1.293993421472851,0.007843720315957925,1684.4161340948547,0.07608620279030866,0.9980571316934728,0.9983062289904133,4.77125058106713e-05,0.9983415976912993,0.9982715177003241,0.5193902275197357,0.03963956032682377,34.929060551439164,20.0,20.0,0.0,2.4816166686231287e-06,0.00021379438072069762,0.001028601160512177,0.9841783361357643,13.117452246159385,60.56435583299026,0,True,eclipsing_binary,TIC_233681149.csv,0.987583,5929.0,1.2942998467384448,2407.111732511957,0.081426509906829,Success
8.207142119447207,8.321094916844832,0.001040416,8.234523840982181,0.082522928802363,1389.1304756249017,0.039770820195170996,0.9991483457232225,0.9992451858579847,0.00010919379914508417,0.9992338647511514,0.9992670194211629,0.1065004055259377,0.026244530789171643,7.178668708621153,3.0,3.0,0.0,9.043378775019826e-07,8.345280949744983e-05,3.868827909769834e-05,0.06842151654413688,25.12264873643566,19.965857665985823,0,True,eclipsing_binary,TIC_206466531.csv,1.33,6000.2,8.245958697046158,2667.6911250888,0.0261967952882543,Success
,,,,,,,,,,,,,,,,,,,,,,,15.75122862495482,0,True,eclipsing_binary,TIC_233390838.csv,,,,,,Required feature(s) not computable: ['transit_shape_ratio']
,,,,,,,,,,,,,,,,,,,,,,,4.894327917019837,0,True,eclipsing_binary,TIC_377024332.csv,,,,,,Required feature(s) not computable: ['transit_shape_ratio']
15.064866079347981,14.266866205249748,8.0032e-05,2.224755207950334,0.00440165559588479,3436.544130609664,0.0179641785830293,0.9894365918055507,0.9872729935153912,0.002140075098539553,0.9860275151489154,0.9892253650087858,0.5210518328312951,0.09242919656288756,5.917035998676823,8.0,5.0,3.0,0.0004382702989096821,0.003385462306124985,-0.00033399215312446273,1.8116028492396545,55.0783097168867,65.43353862501681,0,True,eclipsing_binary,TIC_103865797.csv,0.36,3157.0,1.576736659457893,1156.365767403633,0.082784695029458,Success
,,,,,,,,,,,,,,,,,,,,,,,27.509871457936242,0,True,eclipsing_binary,TIC_78154865.csv,,,,,,"Required feature(s) not computable: ['FAP', 'transit_shape_ratio']"
,,,,,,,,,,,,,,,,,,,,,,,16.312452082987875,0,True,eclipsing_binary,TIC_258402425.csv,,,,,,"Required feature(s) not computable: ['FAP', 'transit_shape_ratio']"
,,,,,,,,,,,,,,,,,,,,,,,19.757912499946542,0,True,eclipsing_binary,TIC_350445771.csv,,,,,,Required feature(s) not computable: ['transit_shape_ratio']
,,,,,,,,,,,,,,,,,,,,,,,27.503132458077744,0,True,eclipsing_binary,TIC_233684822.csv,,,,,,Required feature(s) not computable: ['transit_shape_ratio']
17.279920694790526,15.976759358136784,8.0032e-05,3.539574491805518,0.0166565028834067,3749.5901935120355,0.08773456446791487,0.9921560364344849,0.9927111221299681,0.0002434081372328009,0.9925737290399111,0.9929078440543684,0.47028326231234263,0.07964801023007623,29.465097677173404,8.0,7.0,1.0,2.5707830111845622e-05,0.0006096240468334271,-0.0006539604883639694,30.27440012043134,11.308610722029892,53.18025949993171,0,True,eclipsing_binary,TIC_372596796.csv,1.14,5971.0,0.9389610713500474,1723.7670508903902,0.0437117259606334,Success
12.016110773015855,12.029800429224977,8.0032e-05,2.155604639510645,0.009706446294810656,2390.887562515344,0.03145083637193529,0.9874446255527508,0.9892387895405399,0.0001789767216416501,0.9893274224406637,0.9891411648969247,0.3674810949952805,0.10076784747235987,78.76193833168341,13.0,13.0,0.0,5.625188263022186e-06,0.0008134731478672203,0.00027818198794005156,0.08293339568077451,31.39645044333012,77.92999520793092,0,True,eclipsing_binary,TIC_379931600.csv,1.3,4884.5,0.7185205486800256,14591.89367818836,0.0402019534283456,Success
28.295528828120972,27.7738754850374,8.0032e-05,0.8815025151404503,0.001416282068550101,1601.7939459607787,0.014630983735131983,0.9972035637946134,0.9969530395272921,0.0001093922168806968,0.9968805841347457,0.9970377065028516,0.5060509475365794,0.04755646939277999,72.37277473926834,26.0,19.0,7.0,3.8793476687343685e-07,0.00036473000696315717,0.00011878735227943693,0.18659357279245908,68.15697302705107,130.3701863749884,0,True,eclipsing_binary,TIC_461271719.csv,2.6298299,7313.0,0.8812310244021728,4473.761555169986,0.0161352338086352,Success
7.6147968988097325,7.269015531782066,0.003121248,3.5009132999573107,0.011063618694767019,2282.339411818921,0.028575070250443216,0.9989862790813625,0.9990250662501942,0.0003051663090921168,0.9997930792781703,0.9978905015497749,2.206450457053968,0.028632966890423252,5.278941570287161,7.0,7.0,0.0,3.7662437199108034e-06,0.0018458498662539216,7.131847361563359e-06,-1.4983692262759905,34.960063801273336,92.28300779208075,0,True,eclipsing_binary,TIC_360286627.csv,3.5086601,9917.0,5.1716879867774175,1711.1334853630033,0.0491204691593444,Success
,,,,,,,,,,,,,,,,,,,,,,,111.92180004203692,0,True,eclipsing_binary,TIC_106224626.csv,,,,,,Required feature(s) not computable: ['transit_shape_ratio']
13.422846058360896,12.955754672013205,8.0032e-05,1.8395358259142454,0.010453887568721898,2990.5882867969067,0.06107314477405885,0.9907777375237168,0.9916276323363913,0.0003599877213523085,0.9920303612662038,0.9912233662732588,0.7937505367821316,0.08636263531003469,24.424225508659458,13.0,12.0,1.0,6.183456042325762e-05,0.0019250495650433006,0.0017083766373852116,0.2910698926295086,16.22280531302451,82.42672283307184,0,True,eclipsing_binary,TIC_356461227.csv,1.0,5778.0,1.6025802434040497,9231.328781377224,0.0267089455805496,Success
9.879010507925807,9.822717416648425,8.0032e-05,1.5898482459998804,0.011349501849996613,3313.6202912529443,0.12074978519138765,0.9945593708872208,0.9953697710899535,0.00017436003328357422,0.9956509863629159,0.9950534039078709,1.2113953028274491,0.06633331587490694,27.096537778004247,17.0,17.0,0.0,4.329756316882659e-05,0.001082597846679235,0.0035809134936566345,1.534871121714723,8.236531181491134,97.41016116691753,0,True,eclipsing_binary,TIC_172871230.csv,1.08,6109.0,1.588367043430638,7377.541571862212,0.1730146476610896,Success
11.833860279638357,11.410050630901113,8.0032e-05,1.2684945068099454,-5.754359026541277,1411.520184320707,0.04731324781384019,0.9979961065482289,0.9981221921741991,6.398888691947112e-05,0.9978651088233673,0.9983792755250308,2.8844659669930226,0.04025728293265551,34.94142539426993,20.0,16.0,4.0,1.6219771419247299e-06,0.00042413389218574606,0.000521662652515853,0.3956213386710916,21.093375590595,43.404463417013176,0,True,eclipsing_binary,TIC_176831592.csv,1.65,6497.8,12.8958111916534,140.81039875923906,0.0212233685805948,Success
,,,,,,,,,,,,,,,,,,,,,,,53.25611341698095,0,True,eclipsing_binary,TIC_268042363.csv,,,,,,Required feature(s) not computable: ['transit_shape_ratio']
12.453430299295983,11.359236849263661,8.0032e-05,0.9535175358798984,0.0027055892568216833,2770.3322772039483,0.048753496031463825,0.9980721562276261,0.9983080030981106,0.00015589981533391023,0.998203187850406,0.9984192685149046,0.49172289439876055,0.03948599309764627,11.375908729722717,28.0,27.0,1.0,2.0665742865292168e-05,0.0008578328504892935,0.000582599661764438,1.0315913706497708,20.471806895314845,174.54621487495024,0,True,eclipsing_binary,TIC_271042173.csv,3.57,5877.0,5.427554852897955,6933.278130366039,0.0277389770742958,Success
,,,,,,,,,,,,,,,,,,,,,,,236.36691483296454,0,True,eclipsing_binary,TIC_105387356.csv,,,,,,Required feature(s) not computable: ['transit_shape_ratio']
